35.847956804999995,127.13337877000001,-97.87529997577006
35.84795681333333,127.13337877500001,-98.04527220009405
35.84795685666666,127.13337879833334,-98.35475920555848
35.84795684,127.13337875833334,-98.00821890621826
35.8479569,127.13337871666666,-97.81575364922887
35.84795682166667,127.13337875500001,-97.96800584973866
35.84795682833333,127.13337869666665,-98.69660230057028
35.847956868333334,127.13337873,-98.6642949462381
35.84795685833333,127.13337872666668,-98.90001032316147
35.847956866666664,127.13337871333333,-97.746674997321
35.84795685833333,127.13337872333335,-98.28577583175854
35.847956886666665,127.13337873500001,-98.48722180200507
35.847956845,127.13337875,-98.67306397642254
35.847956851666666,127.13337876666668,-98.88413256418477
35.847956808333336,127.13337876833333,-99.27504851354439
35.847956855,127.133378765,-99.44549660570057
35.847956875,127.13337877833334,-98.49521204746588
35.847956849999996,127.13337879000001,-98.90154306126696
35.84795682666667,127.13337875666666,-98.842700299812
35.84795682166667,127.13337879666666,-98.55890761653284
35.84795682166667,127.13337876333331,-99.28357799300947
35.847956833333335,127.13337877500001,-99.04575807058224
35.84795686,127.13337876833333,-99.47241318742805
35.84795684166667,127.13337873500001,-99.25225226087377
35.847956804999995,127.13337871333333,-98.92670724759392
35.84795679166667,127.13337870333335,-99.40978854687546
35.847956855,127.13337874833333,-99.23208377799942
35.84795691833333,127.13337874833333,-99.94981625939613
35.84795693333333,127.13337875500001,-100.10605483262525
35.84795693666667,127.13337876333331,-99.3801912321575
35.84795691,127.13337869666665,-98.9010444123467
35.847956935,127.133378685,-99.43611785631138
35.84795693833333,127.13337862333334,-99.62236403299002
35.847956935,127.13337861500001,-99.99448949711876
35.84795692333333,127.13337857166668,-99.9087355068798
35.847956950000004,127.13337853666665,-99.85855589862408
35.847956931666666,127.13337849,-99.63092062097151
35.84795692666667,127.13337838833334,-99.93401451483008
35.847956960000005,127.13337827833332,-99.21782024296152
35.847956945,127.13337816500001,-99.95384984707884
35.847956896666666,127.133378045,-99.25860718889545
35.84795689833334,127.13337790833333,-99.59840746886516
35.84795691,127.133377855,-98.87721324456946
35.847956911666664,127.13337785166665,-99.26823124372427
35.847956925,127.13337788833333,-99.25860718889545
35.84795693,127.13337797499999,-98.91895552164054
35.847956921666665,127.13337805,-99.10826255539084
35.847956925,127.13337805166665,-99.77094323271122
35.847956896666666,127.13337803499999,-99.06397896374413
35.84795689333334,127.13337794666668,-99.29312794827767
35.847956921666665,127.13337791999999,-98.936590766698
35.84795691666667,127.13337794499999,-99.0714748507491
35.847956896666666,127.13337797833334,-99.25219403484874
35.84795690833334,127.13337800833332,-98.93693889496924
35.84795690666667,127.13337799000001,-99.2621679550787
35.84795689833334,127.133377965,-99.69138371266772
35.84795693666667,127.13337794499999,-98.52916724639165
35.84795690166666,127.13337795166666,-98.34364582768907
35.847956896666666,127.13337797499999,-99.0307047840539
35.84795692,127.133377985,-98.34293347910936
35.84795694,127.13337797333334,-99.09862977467918
35.84795693,127.13337798333332,-99.42996332445182
35.847956911666664,127.13337797499999,-99.09080282913916
35.84795692666667,127.13337796166667,-98.85304051200207
35.84795693666667,127.133377965,-98.90372570469131
35.847956955,127.13337795833334,-99.2792701738306
35.84795694333333,127.13337795833334,-99.07348710152779
35.84795695333333,127.13337793166666,-98.96329524410658
35.847956950000004,127.13337793333334,-98.71637008187408
35.847956945,127.13337793999999,-99.10856323498157
35.84795694666666,127.13337793166666,-98.84534085675674
35.847956956666664,127.13337791333333,-98.96404188060838
35.847956950000004,127.13337791833334,-99.31402988528369
35.84795692833333,127.13337793000001,-98.20186267801581
35.84795693833333,127.13337793666666,-98.94617154157089
35.847956931666666,127.13337791666666,-98.70067722413012
35.847956945,127.13337793333334,-98.54658443499002
35.847956931666666,127.13337793333334,-98.55419276560816
35.847956950000004,127.13337791999999,-97.8356802367262
35.84795697333333,127.13337791333333,-97.98661053670513
35.84795694333333,127.13337790166666,-97.42087892922223
35.847956948333334,127.13337789999999,-96.88830614845493
35.847956970000006,127.13337789333333,-97.45973303449367
35.84795695333333,127.13337789833334,-96.18463579149149
35.84795697166667,127.13337788166668,-95.8153763638927
35.84795697333333,127.13337789666666,-95.59005938920035
35.84795696166667,127.13337790166666,-96.16738373680205
35.84795696166667,127.13337789666666,-96.14115624646168
35.847956980000006,127.13337788666668,-96.12963576743815
35.84795698666667,127.13337786333335,-95.97877659544949
35.847956995,127.133377845,-96.87679935664512
35.84795700166667,127.13337780833332,-97.2111786513952
35.84795703166667,127.13337771666666,-96.30434500424793
35.84795704666667,127.13337753166667,-96.09046832253962
35.847957055,127.13337730833334,-95.56705282962919
35.84795700833333,127.13337700333335,-95.04770612628825
35.84795699833333,127.13337668999999,-95.39643855290032
35.847956985,127.13337633333335,-95.86105194877545
35.84795698666667,127.13337596833335,-96.78386275340402
35.84795696166667,127.13337559333334,-96.95954308163758
35.84795688166666,127.13337518833332,-96.95577673721414
35.84795681833334,127.13337473000001,-97.13091596528652
35.847956778333334,127.13337430833332,-97.30784028093304
35.847956695,127.13337386833334,-97.14313886420436
35.84795675,127.13337345166669,-98.08433476751892
35.847956725,127.13337295666666,-97.83248492767893
35.84795667,127.13337244166665,-97.84977170842163
35.847956655,127.13337198166667,-98.22441568383847
35.84795657166667,127.13337144833334,-98.56713882205099
35.847956525,127.13337093,-98.72512247519919
35.847956575,127.13337043333334,-98.72545992243936
35.847956579999995,127.13336993666665,-98.74113819930385
35.847956595,127.13336933333333,-98.26313407353179
35.847956545,127.13336869833331,-97.0605757663346
35.84795641,127.13336808999999,-96.5578168250695
35.847956483333334,127.13336737333333,-96.34373298010014
35.847956286666665,127.13336669833333,-96.45815115589541
35.84795620166666,127.13336595500002,-96.27532712143288
35.84795619166667,127.13336532166667,-96.83308868732047
35.84795621666667,127.13336456,-96.95686198161394
35.84795618666667,127.133363935,-97.50452507219431
35.84795615166667,127.13336321666665,-97.28675282286511
35.84795605833333,127.13336255833335,-97.30205689578442
35.84795595833334,127.13336181666666,-96.58790376296453
35.84795595333333,127.13336120000001,-95.49935999222141
35.84795593166667,127.13336048666666,-95.72047519414222
35.84795585833333,127.133359825,-95.69140357308909
35.84795580666666,127.13335913333334,-94.9858745978778
35.84795588,127.13335840666666,-95.48502333430845
35.84795580833334,127.13335777333332,-95.14097603818969
35.84795578,127.13335712000001,-95.47766694810342
35.847955774999996,127.13335652166667,-96.3144879492883
35.84795572833333,127.13335591333335,-96.74726381517672
35.847955725,127.13335533,-97.76572379937694
35.847955651666666,127.13335468666668,-97.78880500273775
35.84795564666667,127.133354175,-97.2432266554966
35.847955660000004,127.13335353666668,-97.19611904456573
35.847955631666665,127.133352875,-97.43185677185106
35.84795562,127.13335218166667,-97.3162708818265
35.847955605,127.13335152666666,-98.41471914057048
35.84795554,127.13335083666668,-99.16519393889556
35.847955508333335,127.13335019333333,-99.28561857327045
35.84795545,127.13334949333333,-99.80482303380785
35.847955373333335,127.13334882666668,-99.87904231414409
35.84795538833334,127.13334812333332,-100.02068467353782
35.847955453333334,127.13334733333335,-98.84415556377647
35.847955415,127.13334660166666,-98.47631167748067
35.84795541833333,127.13334585333332,-97.46266627792927
35.84795537,127.13334509333332,-97.60027789788076
35.84795534333333,127.13334433166668,-97.63688226939648
35.847955285,127.13334355666666,-97.08268853516576
35.84795527666667,127.13334279,-96.61835500459371
35.84795527666667,127.13334202666668,-97.11302387753176
35.84795520833333,127.13334120666666,-96.44735136378702
35.84795519666667,127.13334043833332,-95.73456482677656
35.847955139999996,127.13333964833333,-95.02801493729513
35.84795511166667,127.13333884000001,-94.45704978092296
35.84795505833333,127.13333805166667,-94.82983560884753
35.84795496,127.13333727333332,-94.4865061641461
35.847954945,127.13333646333334,-93.76720183584253
35.84795486666667,127.13333567333332,-93.41343025311726
35.847954871666666,127.13333494666668,-93.2020769838896
35.84795478333333,127.13333413833334,-93.72176656449125
35.847954736666665,127.13333335500002,-92.99767301678204
35.847954728333335,127.13333254166668,-93.52797175505575
35.847954748333336,127.13333183333334,-93.65408806678711
35.847954695,127.13333099833332,-95.10427521825434
35.84795471333334,127.13333026000001,-96.69456346757565
35.84795467166667,127.13332947166667,-96.45750714786152
35.84795466,127.133328715,-98.68994722456256
35.84795464,127.13332805666666,-97.64271596385511
35.84795469833333,127.13332731166665,-97.26859853716742
35.84795467833333,127.13332661833334,-98.01368211235736
35.84795464166667,127.13332595333334,-96.78866769586271
35.84795465333333,127.13332523833333,-96.81098542032431
35.847954585000004,127.13332452000002,-96.76658023053146
35.84795462666667,127.13332376333334,-97.85353716987326
35.84795456333333,127.13332306833333,-97.74860989597434
35.84795453,127.13332235333334,-98.02095294978709
35.84795443166667,127.13332162500001,-98.68126710788978
35.84795447333333,127.13332094500001,-97.36915253190399
35.84795440833333,127.13332029,-97.42775978901646
35.84795441333333,127.13331968666668,-96.37776790247149
35.84795436666666,127.13331892166667,-96.03102272781537
35.84795436333333,127.13331832,-96.15331657893942
35.84795441166667,127.133317575,-96.70118002059705
35.84795440166667,127.13331687833333,-96.74229814041983
35.847954331666664,127.13331619166665,-96.14930451803356
35.847954325,127.13331531,-96.303766263198
35.84795427666666,127.13331459333334,-96.84378724855172
35.847954275,127.13331367999999,-96.33359318778783
35.847954181666665,127.13331288166667,-96.67653229891305
35.847954163333334,127.13331194833333,-96.4057969082622
35.84795420333333,127.13331104,-96.86678904072768
35.847954171666665,127.13331010499999,-96.90905016676513
35.847954035,127.13330927166665,-97.98280697847441
35.84795397833333,127.13330831833333,-97.61623839584392
35.84795396166667,127.13330749166668,-97.01041267338803
35.84795385333334,127.13330653333333,-96.67377888017444
35.847953788333335,127.13330574833331,-95.98448346576524
35.84795381833333,127.133304825,-96.70327305366305
35.84795375833333,127.13330398000001,-95.9768620581015
35.84795368166667,127.13330320666667,-95.43926835536259
35.84795374333333,127.13330232333334,-95.44690693384042
35.84795376333333,127.13330150499999,-96.56152555581446
35.84795366,127.13330070166667,-96.5296272259177
35.84795367,127.13329992166668,-96.58798732544354
35.84795364833334,127.13329905999998,-97.00811044425058
35.847953585,127.13329836833333,-97.87632940439777
35.84795356166667,127.13329757166666,-97.88256752164067
35.847953569999994,127.13329678,-97.33533908954466
35.847953530000005,127.13329596166668,-97.34601284930652
35.84795345166666,127.13329513666667,-96.2711277389039
35.84795346666667,127.13329420500001,-95.57144050419856
35.8479534,127.133293445,-95.74796762347812
35.847953405,127.133292575,-95.37272191934474
35.84795338333333,127.133291705,-95.90587821861496
35.84795334666667,127.133290875,-95.70586172605266
35.847953265,127.13328998166665,-95.88066229625771
35.847953115,127.13328908166667,-95.71802106378486
35.84795304166666,127.13328818,-95.7418310546506
35.84795301,127.13328730500001,-95.80884699502164
35.847952955,127.13328642666666,-95.94534188280319
35.847952934999995,127.133285545,-95.92526059316664
35.847952891666665,127.13328470166668,-96.52316612499119
35.84795287,127.13328390833334,-95.90094514284318
35.847952934999995,127.13328307333335,-96.33150250068212
35.84795286166666,127.13328233166666,-96.89176790165558
35.84795291166667,127.13328152833334,-97.09454755748028
35.84795290500001,127.13328082499999,-97.26127616325287
35.847952881666664,127.13327997333333,-97.63124173859333
35.84795290666667,127.13327921666665,-97.42334672915948
35.84795281,127.13327848833333,-96.59698196613331
35.84795273833333,127.13327765000001,-96.68568721248025
35.847952675,127.13327690166668,-96.64438509857285
35.84795264666666,127.13327613999999,-97.8213140441603
35.84795261,127.13327533666667,-97.70803245568243
35.84795254166667,127.13327454166668,-97.88365238013712
35.84795254166667,127.13327376333334,-98.50821367453426
35.84795247333333,127.133273,-98.66687907806433
35.847952465000006,127.13327221833333,-97.39025541085297
35.84795245666667,127.13327141500001,-96.86506381662716
35.84795239666666,127.13327069,-96.61470590271776
35.84795235,127.13326983666666,-96.28893400236554
35.84795227166667,127.13326904166667,-96.0667910970913
35.84795226166667,127.133268245,-96.06348044524722
35.847952228333334,127.13326743833335,-94.97008174267245
35.84795213333334,127.13326667000001,-95.7434843640198
35.84795213666666,127.13326592166668,-94.9802404060426
35.847952156666665,127.13326518000001,-95.72624313542241
35.847952055,127.13326439166667,-96.64969637458202
35.84795201166666,127.13326363333333,-97.38554988028677
35.847951945,127.133262875,-98.01039700894985
35.84795193833334,127.13326207999998,-98.59958581405692
35.84795190666667,127.13326129166666,-98.84780806337272
35.847951885,127.13326047000001,-98.52849940564126
35.84795188,127.13325962166667,-97.82003742004112
35.84795171166666,127.13325881666667,-97.12300564503805
35.84795173,127.13325789999999,-96.92850626105405
35.847951656666666,127.13325701166666,-96.57584687746677
35.84795157,127.13325622833332,-95.96000031595533
35.847951575,127.13325524833333,-97.08466142282937
35.84795150833334,127.13325447833334,-96.68907581749852
35.84795154166667,127.13325361333334,-96.89673210771026
35.847949998333334,127.13321198333333,-97.15578468400128
35.847949955,127.13321110666666,-96.07659112637099
35.84794984166667,127.13321022333334,-96.17796477911068
35.84794981,127.13320940500002,-96.82206870876426
35.84794969,127.13320850833334,-95.54541332204529
35.84794968833333,127.13320753833335,-95.95281781814303
35.847949665,127.133206645,-96.51238183741337
35.847949625,127.13320565166666,-97.43010624924277
35.847949578333335,127.13320471166665,-97.60853870747027
35.84794955833333,127.13320375500001,-97.74304281201535
35.84794938833333,127.133202755,-98.5093252219145
35.84794935833334,127.13320175166668,-96.76179621726645
35.847949375,127.13320078500001,-99.22686318703019
35.84794927833333,127.13319982,-99.11401412333484
35.84794924166667,127.133198845,-99.9712965182909
35.84794921833333,127.13319793833334,-100.53293615574594
35.84794914,127.133196995,-101.221648168557
35.847949115,127.13319599833333,-100.62828041708278
35.84794903833333,127.13319516666667,-99.60451317496089
35.847949064999995,127.13319422666667,-99.76118623681833
35.84794903666667,127.13319333833333,-98.30479283561924
35.84794902666667,127.13319238000001,-96.86715826710407
35.847949048333334,127.13319158333334,-97.17617991542457
35.84794894666666,127.13319070499999,-96.74325011906079
35.847948965,127.13318986499999,-97.05158761226248
35.84794898166667,127.13318901666668,-97.74617937356126
35.847948996666666,127.13318825333333,-97.89990707974523
35.84794898166667,127.13318758666668,-97.8706201798349
35.847949015000005,127.13318682666667,-97.53281467780526
35.847948966666664,127.13318606,-96.23532474143474
35.84794899,127.13318526833334,-94.50791951674915
35.84794896333334,127.13318452333333,-95.05864399204556
35.84794895,127.13318377499999,-94.10164930596643
35.84794884666667,127.13318300166665,-94.08023965299851
35.847948790000004,127.13318221666665,-94.8035281516636
35.84794875833334,127.13318138999999,-95.69712234368848
35.84794865833333,127.13318055333333,-96.60604446479259
35.84794860833333,127.13317970499999,-96.18875930923679
35.847948591666665,127.13317883166668,-96.25753449748365
35.847948575000004,127.13317796833334,-97.51447980797232
35.84794843666667,127.13317703833333,-98.14212765326333
35.847948448333334,127.13317618166666,-97.93429925862772
35.84794835666666,127.13317527666668,-97.92784671638725
35.847948333333335,127.13317428166665,-98.21502898551991
35.84794825833333,127.13317335666667,-98.83023603553616
35.84794817,127.13317240666666,-98.01172316387354
35.847948125,127.13317145833335,-98.39927928491225
35.84794810333334,127.13317058666668,-98.39092512437513
35.84794795833333,127.13316960333334,-98.05059972202329
35.847947921666666,127.13316873500001,-97.95105698824628
35.847947905,127.13316780833333,-97.82430795591327
35.847947833333336,127.13316699,-98.99256049340781
35.847947845,127.13316609,-98.94047873870294
35.847947774999994,127.13316522166666,-98.62689920026716
35.84794776666667,127.13316435,-98.79710217282184
35.847947776666665,127.13316340000002,-98.21222492811242
35.84794770333333,127.13316255333332,-97.66407963386864
35.84794774833333,127.13316163833333,-98.49791866041924
35.847947715000004,127.13316076999999,-97.72995176642151
35.847947626666674,127.13315997166667,-96.07590845217484
35.847947641666664,127.13315914666667,-96.04953451587528
35.847947663333336,127.13315828166667,-97.2890667394589
35.84794756666667,127.133157495,-97.49419333835179
35.84794758333333,127.13315669833334,-97.73013483649297
35.847947598333334,127.13315591833334,-96.55836291338447
35.84794754333333,127.13315516666668,-96.51298050211278
35.84794750833333,127.13315444833333,-96.54139438496928
35.84794751333333,127.13315365333334,-97.32033943544118
35.847947475,127.1331529,-97.07049267634842
35.84794744166666,127.13315217333333,-96.87183575122285
35.847947446666666,127.13315142000002,-97.61760259952038
35.847947395,127.13315065,-98.67028706557686
35.84794740166667,127.13314994,-98.46543873894699
35.847947415,127.13314911500001,-98.55651836456772
35.84794732,127.13314833999999,-98.33033484833007
35.847947295000004,127.13314752166667,-98.17134308100252
35.84794722833333,127.13314671666667,-98.38945378052843
35.847947184999995,127.13314577499999,-97.77476024216914
35.84794714666667,127.13314502833333,-99.6079895501838
35.847947143333336,127.13314412833333,-100.02611129874671
35.84794699,127.13314331166666,-99.6208266036401
35.84794696833333,127.13314249499999,-99.44890825735075
35.847946928333336,127.13314162833333,-99.65656718306316
35.84794691166667,127.13314074166668,-100.16540696828415
35.84794687,127.13313984,-99.63886899608586
35.84794683333334,127.13313898666665,-97.75957100641625
35.84794674166667,127.13313812333332,-97.13862971623652
35.84794664833333,127.13313723499999,-95.76674264982213
35.847946665,127.13313630166667,-95.51404570839273
35.847946655,127.13313545666666,-95.85399748080732
35.84794656166666,127.13313454166668,-95.50698734679786
35.84794655166667,127.13313372500001,-95.63147773555949
35.847946539999995,127.133132905,-97.38620473192249
35.847946529999994,127.13313212333333,-96.02335416024715
35.847946478333334,127.133131275,-97.16430263375578
35.84794642333333,127.13313043166666,-96.78396711713228
35.847946396666664,127.13312967499999,-96.93709134207226
35.847946396666664,127.13312881166667,-96.79953787462426
35.84794633166667,127.133128015,-96.1738900046779
35.84794625166667,127.13312731333332,-96.12426841983438
35.847946155,127.13312647666667,-96.2787192449009
35.84794616333333,127.13312572666668,-96.5547289537742
35.84794608333333,127.13312499666667,-98.02750114461627
35.84794608666667,127.13312423666666,-97.25505451666488
35.847946056666665,127.13312345666667,-97.95327335630859
35.84794603,127.13312269499998,-98.12215769551763
35.847946099999994,127.13312192833334,-97.56291801792224
35.84794608666667,127.13312115833332,-98.35283679153953
35.847946040000004,127.13312031166667,-97.5330964171641
35.84794601333333,127.13311957166667,-98.46540987030541
35.84794597,127.13311867833333,-98.28266216811309
35.847945915,127.13311784000001,-97.4113220679668
35.847945913333334,127.13311703166667,-98.25316993907755
35.84794587166667,127.133116205,-97.91647403336388
35.84794582,127.13311538499998,-96.79650519565774
35.847945825000004,127.13311457500001,-96.39533987624061
35.847945751666664,127.13311379333332,-95.87915359694914
35.84794572333333,127.13311297166668,-95.29598106809006
35.84794569666667,127.13311215,-95.52395064815002
35.847945708333334,127.13311130666668,-95.66572620968911
35.84794565166667,127.13311052666668,-94.94580366480776
35.84794564166667,127.13310977166665,-95.8549383025283
35.84794558,127.133108925,-95.86711866002324
35.84794556,127.13310822500002,-96.40524072189145
35.84794550833333,127.13310755333332,-96.05623044330846
35.847945464999995,127.13310683,-95.84276144647401
35.84794548166667,127.13310617999998,-96.23081153161213
35.847945385,127.13310554333333,-96.42639185019976
35.84794537833333,127.13310494666666,-96.25315673620034
35.847945355,127.13310427166668,-96.07267034928468
35.847945331666665,127.13310358333335,-96.94773663878749
35.847945243333335,127.13310284166667,-96.80040106066882
35.847945298333336,127.13310210333333,-97.19106576053912
35.84794528,127.13310132333332,-97.39588491229571
35.84794526666667,127.13310058166665,-97.85103805489047
35.847945195,127.13309982500002,-97.21635824339192
35.847945188333334,127.13309908666666,-97.74568802216905
35.84794513833333,127.13309833833334,-98.01544197622525
35.847945175,127.13309749833334,-97.0239300804832
35.847945083333336,127.13309673999998,-96.71551362605713
35.84794511,127.13309582166667,-93.29459606599117
35.847945105,127.13309502666668,-91.02046333519635
35.84794501,127.13309413999998,-86.05911674275438
35.847945015,127.13309331333333,-80.47874214304774
35.847944993333336,127.13309247000001,-73.25507111760031
35.847944956666666,127.13309159166666,-66.87755800141896
35.847944865,127.13309069166668,-60.39157781832219
35.84794485333334,127.13308986833333,-57.32468926548106
35.84794480833333,127.13308910833332,-54.028228210900544
35.847944778333336,127.1330883,-48.24439918670319
35.847944645,127.13308758166667,-45.05739319633743
35.847944695,127.13308688999999,-40.8085272403489
35.847944668333334,127.13308613666668,-37.26271591549117
35.84794460666667,127.13308542833332,-33.06290184823667
35.847944633333334,127.13308476499999,-30.618796922201163
35.84794456833333,127.13308414,-27.831220499763933
35.847944569999996,127.13308356166665,-25.850690630314407
35.84794450833333,127.133082895,-24.794559924235255
35.84794447833334,127.13308227333333,-25.675607639732902
35.847944473333335,127.13308164666665,-25.056409268898413
35.84794440666667,127.13308106999999,-25.403984671574833
35.84794441333334,127.13308053333334,-24.36240637540987
35.84794439166667,127.13307995833333,-24.339781400644373
35.84794432,127.13307943333332,-25.3142146466814
35.847944346666665,127.13307892333333,-25.49030345704238
35.84794435333333,127.13307834333334,-25.960728685350837
35.84794433166667,127.13307780166666,-25.50472821616673
35.84794426,127.13307722166668,-25.40288331501461
35.847944255,127.13307661333334,-26.620032931632323
35.84794427,127.13307602000002,-26.118395008866933
35.84794428333333,127.13307535,-24.304428409460197
35.84794428833333,127.13307478,-24.384961067541333
35.84794430333333,127.13307421500001,-25.286070284519347
35.847944344999995,127.13307373666666,-24.59348686887409
35.84794440166667,127.1330733,-24.798098668266075
35.847944426666665,127.13307298666665,-24.638357785129404
35.847944393333336,127.13307263833333,-25.781221460253533
35.847944348333336,127.13307224999998,-25.714675822902198
35.847944525,127.13307187666666,-26.13001750597818
35.847944473333335,127.13307159333333,-26.48414943652976
35.847944426666665,127.13307129000002,-26.05650399941517
35.84794435833333,127.13307105833334,-27.129473003936827
35.84794431666667,127.13307085166667,-26.416938013742893
35.84794417333333,127.13307068166665,-25.341557103648658
35.84794416,127.13307058333334,-25.921177433678277
35.847944301666665,127.13307056166666,-25.81610319503972
35.84794459666667,127.13307057833332,-25.58761763365756
35.84794506833334,127.13307052166668,-25.836881066086782
35.847945493333334,127.13307055333334,-25.920401956372995
35.84794588666667,127.13307055833333,-27.15122818786001
35.84794625166667,127.13307055166666,-28.037947086230762
35.84794659666667,127.13307052999998,-28.661782904938995
35.847946838333336,127.13307047166667,-27.949191539539044
35.84794689333333,127.13307044166667,-28.791537056048337
35.847946979999996,127.13307041833332,-28.40700963129271
35.84794707333333,127.13307041666667,-27.870673510248103
35.84794718,127.13307039166666,-26.539128037313098
35.84794728166666,127.13307039666667,-26.461950203643994
35.84794725166667,127.13307036666666,-24.66230490792935
35.847947248333334,127.13307038166667,-24.15570385887106
35.84794718666667,127.13307037000001,-23.882356344084087
35.84794709333333,127.13307037833334,-23.21835970367185
35.84794697833333,127.13307039666667,-24.77841979192581
35.84794685166666,127.13307042,-24.546582713486067
35.84794665333333,127.13307046666665,-25.899931399338175
35.84794636666666,127.133070495,-25.38503548371005
35.84794610666667,127.133070425,-25.817584190424725
35.84794580833333,127.13307038833334,-25.393150628156125
35.84794551,127.13307036166667,-25.152075530418188
35.847945200000005,127.13307034666666,-25.153352866973734
35.84794489666667,127.13307036833334,-24.766573034348447
35.847944625,127.13307043000002,-25.483871997854326
35.847944268333336,127.13307043833332,-24.360624293498095
35.847943910000005,127.13307046,-25.64240232993631
35.84794361666666,127.13307046333333,-26.884757123716135
35.84794323166667,127.13307048999998,-27.141178033426883
35.847942874999994,127.133070505,-28.728699090963694
35.84794256166666,127.13307056166666,-28.59548243559242
35.84794223166667,127.13307055833333,-28.332789228064065
35.847941940000005,127.13307060666666,-28.31472462269351
35.8479416,127.13307062500002,-27.98903658809842
35.84794125,127.13307061666667,-27.988257009467066
35.84794092166667,127.13307062833334,-26.804006866455254
35.84794057333333,127.13307062500002,-26.682772563191435
35.84794028666667,127.13307060166666,-26.437986712829396
35.84793996166666,127.13307059333334,-25.926892856951
35.847939591666666,127.13307060333334,-25.90943469534545
35.84793920833333,127.13307058999999,-26.304476175802243
35.847938891666665,127.13307062,-27.562583250749043
35.847938584999994,127.13307062833334,-27.18532613134635
35.847938320000004,127.13307069666668,-28.19257054576477
35.84793803666666,127.13307072166666,-28.020748145858548
35.84793773,127.13307073,-29.363213600525306
35.84793742833333,127.13307074999999,-29.647728465192838
35.847937095,127.13307076499999,-29.848853876597186
35.84793678833333,127.13307074666666,-30.143168371276925
35.847936485,127.13307076999999,-30.580208029611384
35.847936190000006,127.13307075833333,-31.985588691736748
35.84793587833334,127.133070755,-33.374584948005705
35.84791760666667,127.13307211000001,-33.11757883766624
35.847917263333336,127.13307212,-35.093231721283345
35.84791696333333,127.13307212833334,-34.97739191624698
35.84791658666666,127.13307214666665,-32.531242705565475
35.8479162,127.13307216,-26.96599019824742
35.84791587833333,127.13307209999999,-24.42356289794519
35.847915575,127.13307205833334,-21.97774215964313
35.84791531,127.13307197,-16.520269982820942
35.847915035,127.13307184166666,-12.9269411678553
35.847914625,127.13307128833334,-8.552477742089648
35.847914231666664,127.13307078499999,-5.814316449511913
35.84791395,127.13307063166667,-2.9641777779543044
35.84791363833333,127.13307063833332,2.4469688846660707
35.847913365,127.13307055666668,4.016605636330668
35.84791319833334,127.13307056333333,6.761844320821475
35.84791298166667,127.13307056166666,10.495607268995915
35.84791277833333,127.13307058166666,13.237856120445837
35.847912586666666,127.13307054833334,17.586336900333226
35.84791241999999,127.13307058833334,19.068520684222538
35.84791221666667,127.133070635,22.14561289651977
35.84791206333333,127.133070675,25.910913957969132
35.84791190166666,127.13307072,28.434485403143338
35.84791170333333,127.13307083666665,31.177833158193003
35.84791151666666,127.13307098499999,36.8708622970706
35.84791131,127.13307119999999,38.0964566826713
35.84791110333333,127.13307143333334,41.28314972312136
35.847910891666665,127.13307166000001,44.41900177888681
35.84791070666667,127.13307189166666,48.24963679841205
35.84791054,127.13307211166666,52.59424252704522
35.847910328333334,127.13307244,54.720549383443924
35.84791011,127.13307277166665,57.90727727499504
35.84790993833334,127.13307306833333,61.383274474307115
35.84790974166666,127.13307344166667,66.72655817259394
35.84790960833333,127.13307377833334,67.92336255009538
35.84790946666667,127.13307411666668,70.25609844004684
35.847909376666664,127.13307436833333,67.65262693735768
35.84790928333334,127.13307462333333,68.5994041282126
35.84790919,127.13307478166668,67.01425142115896
35.84790917833333,127.133074705,66.5889277029359
35.84790914,127.13307455333333,65.15469032779849
35.84790911666666,127.13307443833334,65.1259079031062
35.847909048333335,127.13307425333332,65.36927338630511
35.84790903,127.13307391000002,68.25462925518573
35.847908956666664,127.13307351666666,67.64565678642795
35.847908878333335,127.13307312666666,64.9324582051795
35.847908876666665,127.133072665,65.82180184020821
35.84790886,127.13307224500001,67.06000386414846
35.847908833333335,127.13307190666667,67.55623634286252
35.84790880166667,127.13307156,67.38452813785808
35.847908806666666,127.13307122500001,65.9994888388924
35.84790883,127.13307105,69.50429109882204
35.84790881833333,127.13307097833334,69.10405993783007
35.847908825,127.13307097,68.21035396327369
35.847908843333336,127.133071065,66.97477858394625
35.847908825,127.13307123000001,65.90319050858979
35.84790883833333,127.13307144333334,64.89585609112261
35.84790884666666,127.13307165166667,65.25384121008788
35.84790886333334,127.13307183666666,63.809908091694204
35.847908905000004,127.13307194833332,65.05973731174674
35.84790893333333,127.13307209666667,67.86762667033655
35.84790896333333,127.13307232999999,65.17055678238306
35.84790891,127.13307269833334,65.74049266910428
35.847908895,127.13307310833333,63.86838131289939
35.847908913333335,127.13307353999998,65.2770644858178
35.84790896833333,127.13307388666665,63.20888965195957
35.847908945,127.133074305,60.44971827403476
35.84790897833333,127.13307468333332,57.747757169252765
35.84790898000001,127.13307503333333,58.39943525289618
35.847909009999995,127.13307540166667,61.174506797574026
35.84790902333334,127.13307578166665,60.69411759793386
35.84790904,127.13307620666667,61.62827416474111
35.84790904333333,127.133076655,63.68961505604388
35.84790906333333,127.13307703833334,65.62171573733299
35.847909035,127.13307744999999,66.03514109521974
35.847909025,127.13307784499999,67.39162373852089
35.847909005,127.13307829333334,67.44310488614902
35.84790904333333,127.13307879166665,66.51412503865188
35.847909015,127.133079355,68.84891423313651
35.847909005,127.13307992166668,70.66016909546836
35.847909045,127.13308046833332,70.27572958826583
35.84790913833333,127.13308093666667,74.32523709399754
35.84790921166667,127.133081445,73.62335654665237
35.847909226666665,127.13308193333333,76.46382220018775
35.84790925833333,127.13308243333334,76.23535269506736
35.84790920666667,127.13308305999999,74.65592397358216
35.84790916,127.13308364499999,72.73050720519734
35.847909208333334,127.13308418166667,73.86087421289257
35.84790907166666,127.13308490333333,72.83901597403495
35.84790901833333,127.13308561999999,72.02373661098173
35.84790902333334,127.13308626833334,71.97101239826145
35.84790898333333,127.13308697333332,72.62699934834336
35.847908993333334,127.13308764,71.77085288615227
35.84790898333333,127.13308827666667,71.50042001626396
35.847908970000006,127.13308888333334,71.43099035893715
35.84790901833333,127.13308949333332,72.23829929979293
35.847908965,127.13309011833334,70.0553772699693
35.847908966666665,127.13309075999999,68.27326179422839
35.84790899166667,127.13309146499999,70.21541678154942
35.847908950000004,127.13309220166666,69.40930993441512
35.847909003333335,127.13309291166667,70.96281609304106
35.84790893666666,127.13309371333335,71.77124950986784
35.847908995,127.13309439333334,72.89939602196047
35.847908976666666,127.133095225,73.11140757026624
35.847909073333334,127.13309596833332,72.55666470710902
35.84790912333334,127.13309665,70.87639944284257
35.84790919500001,127.13309732833335,69.5849902200443
35.84790921,127.13309802500001,67.83171648780902
35.84790923,127.13309876,68.68197360155608
35.84790927666666,127.13309942,68.46465241252146
35.847909305,127.133100095,65.35710577244309
35.847909406666666,127.13310077333333,66.71773778732086
35.847909351666665,127.13310144999998,69.11875964966235
35.84790938833333,127.13310212666666,70.53122500765333
35.84790935,127.133102885,70.34037730622993
35.847909378333334,127.13310352166667,69.6961463260349
35.84790941166667,127.13310417666668,70.99545924762569
35.84790948,127.13310479833332,72.0656609615765
35.84790949833334,127.13310541166666,72.28099628699681
35.84790952666666,127.13310599,71.22601269074426
35.84790957833333,127.13310656833333,70.99545924762569
35.84790965,127.13310713499999,68.57393041328153
35.84790960333333,127.13310774333334,69.89459338379518
35.84790968166667,127.13310829333335,70.23525609665379
35.84790968833333,127.13310886,70.41479096090382
35.84790965,127.13310948833332,69.66545575446722
35.847909630000004,127.13311012333334,68.35976905932081
35.84790969,127.13311073000001,67.47436910134735
35.84790975833334,127.13311133666666,69.20670999494727
35.84790978,127.13311191666665,66.36025923436661
35.84790980166667,127.13311254833334,70.19354029396155
35.847909863333335,127.13311310499999,70.14968284725494
35.847909908333335,127.13311371500001,70.18000381253046
35.847909943333335,127.13311421833332,70.11932896754405
35.84790996,127.13311490333332,71.34703494412538
35.847909980000004,127.13311544666666,72.03337790501527
35.847909996666665,127.13311602666666,74.356703511978
35.847909980000004,127.133116605,71.37406074625672
35.847910045000006,127.13311720166666,71.13866643338552
35.84790996666666,127.13311786000001,71.58908287267899
35.847909961666666,127.13311844333333,70.42866391617925
35.84791005833333,127.133119015,67.33436599060725
35.84791006,127.13311964333334,68.54627982445986
35.847910023333334,127.13312021499999,67.44729134894857
35.84791009833334,127.13312074666668,67.33344303580171
35.847910131666666,127.13312132333334,68.22820746043327
35.84791017333334,127.13312183833335,68.33006315644269
35.84791020333333,127.13312245333333,67.36133028044704
35.847910250000005,127.13312309166668,68.11057531411912
35.84791024333333,127.13312373166667,69.5088338459587
35.847910299999995,127.13312440333333,69.80137945304845
35.84791024166667,127.13312509333333,72.29922632664683
35.84791033,127.13312577333333,70.21202166887659
35.847910338333335,127.13312640999999,69.94123705112278
35.84791036,127.13312696166668,70.17961279512457
35.84791037833334,127.13312752499999,71.45659520356368
35.84791040166667,127.13312811333331,73.72535729725243
35.847910475000006,127.13312865166667,71.81039223316323
35.847910518333336,127.13312922833332,70.80050611158184
35.84791051,127.13312984166666,73.77707518325278
35.847910565,127.13313041666667,72.67027387305731
35.84791054,127.13313105166665,69.99458163169899
35.84791054833333,127.13313157333332,68.22257847119663
35.84791058,127.13313215499998,70.25486146073074
35.847910575,127.13313277166665,68.94990013000381
35.84791057666666,127.13313335666665,69.08007288913082
35.8479106,127.13313398833334,72.308878365726
35.84791064333333,127.13313457999999,71.45391154237709
35.84791065833333,127.13313520833331,71.08704724674129
35.84791071833333,127.13313570666666,70.93897548551895
35.84791070000001,127.13313632333332,70.26363871566
35.847910795,127.13313688333334,69.76584161409947
35.84791086,127.13313742166665,69.64105132052224
35.84791088833333,127.13313799000001,64.84205355461341
35.84791090666667,127.13313851,66.68836319851226
35.84791093666667,127.13313914833334,66.751806626419
35.84791092166667,127.13313968666668,67.6783558693432
35.84791095166667,127.13314029166668,68.25641665786436
35.847911028333336,127.13314094333333,67.50802494083682
35.847911025,127.133141555,66.58000078639512
35.84791106,127.13314211666666,68.55026038872398
35.84791102166666,127.13314272333334,68.46771273817842
35.84791106333333,127.13314323000002,65.78020188879252
35.84791107,127.13314379166668,65.1312487205868
35.847911120000006,127.13314428166665,63.73192743884229
35.84791117166667,127.13314478833333,63.37343927300403
35.847911195,127.13314533666669,62.313110278116035
35.84791119166667,127.13314587833332,62.36503976309876
35.847911149999995,127.13314639666666,63.628751383645294
35.84791118333333,127.13314688333334,64.33985988491234
35.84791121833334,127.13314745499999,66.11640373524571
35.84791123833334,127.133147955,67.03123257402409
35.8479113,127.13314851666668,66.83657934632627
35.847911315000005,127.13314907666667,66.85098875492893
35.84791133666667,127.13314963666666,65.21417845210344
35.84791133333333,127.13315024833334,66.33777005114645
35.847911376666666,127.1331508,67.1893716593012
35.8479115,127.13315140333334,67.05265344036903
35.847911505,127.13315195333334,67.7881328417019
35.84791154166667,127.13315259833334,68.82134867236888
35.84791159833333,127.13315317333333,68.29370600328886
35.84791160166667,127.133153835,69.49581681467247
35.847911605,127.13315433166666,67.9360201243595
35.84791164,127.133154925,64.96567708366983
35.847911673333336,127.13315554666666,66.6978207873433
35.84791164166666,127.13315611833335,66.6978207873433
35.84791165,127.13315678166667,66.882876484572
35.84791164166666,127.13315735500001,65.03888202989393
35.84791164,127.133157925,68.89879499725029
35.847911716666665,127.13315844833332,67.65051405746165
35.847911745000005,127.133158975,68.55453476207367
35.84791177333333,127.13315950833334,66.99582572642338
35.847911851666666,127.13316001833333,67.91256089484713
35.847911876666664,127.13316057166666,67.09009543596336
35.847911885,127.13316120666666,67.81158781455191
35.847911866666664,127.13316171666665,67.15484087974106
35.847911875,127.13316230999999,67.84433961903503
35.84791190666667,127.13316287166666,66.56091105601159
35.84791194666666,127.13316346833332,67.6261688894091
35.847911950000004,127.13316406333334,66.32865296604687
35.847912013333335,127.13316464833333,67.45125377786803
35.84791204166667,127.13316524666668,68.61333593140925
35.84791204,127.13316583333332,68.21938324483071
35.84791212333334,127.13316643666667,66.72471983127636
35.84791215166667,127.13316703666666,66.61978871349174
35.84791218666667,127.13316771,66.69650654501963
35.84791220333333,127.13316830500001,68.11590499000296
35.847912165000004,127.13316898,68.68397822786739
35.847912156666666,127.13316957999999,69.62013613598451
35.847912120000004,127.13317024666667,71.530078640891
35.847912135,127.13317086999999,69.86848118069943
35.84791212166667,127.13317157000002,72.93086777733163
35.84791211333334,127.13317217166666,74.48219978300654
35.84791214333333,127.13317289166667,73.38027364273515
35.84791217,127.13317348999999,72.56137914222396
35.847912214999994,127.13317413666667,71.26219116798633
35.847912275,127.13317475833334,71.57211552526515
35.847912255,127.13317539666666,69.34136669093922
35.847912273333336,127.13317599833333,70.65351411873532
35.847912318333336,127.13317661166666,71.21005269583844
35.84791223333333,127.13317725166668,71.42060634652606
35.84791356833333,127.13320826166667,71.64942180963662
35.8479136,127.13320903166665,71.04157753449915
35.84791361833334,127.13320977999999,72.98678561080271
35.847913651666666,127.13321044833334,73.35569241865221
35.84791369166667,127.13321118,71.69254307195796
35.84791375333334,127.13321190333333,70.2602397772955
35.84791375333334,127.13321261666667,69.78206547955386
35.847913768333335,127.13321324666667,71.98052998295002
35.84791382666666,127.133213895,72.92995105403959
35.84791387666667,127.13321455166667,72.68492912455537
35.84791393333333,127.13321517166666,72.49505158761292
35.84791395166667,127.13321583,72.79204393529615
35.84791396833334,127.13321650166667,76.31596166456063
35.847913999999996,127.13321708166669,73.74694897919106
35.84791406833333,127.13321775166666,69.38876862072055
35.847914098333334,127.13321835,68.89988985145081
35.847914110000005,127.13321894999999,65.98189602128105
35.847914106666664,127.13321966333334,66.47799474173638
35.84791421333333,127.13322027499999,66.1785137386177
35.847914305,127.13322093833334,66.91805979696193
35.84791428166667,127.13322158499999,66.51695417484963
35.84791440666667,127.133222275,68.10020702971582
35.84791444,127.13322291833335,67.39126195250459
35.84791454333333,127.133223605,66.75799821446674
35.847914585,127.133224285,66.55994795163548
35.84791464166666,127.13322493166667,67.92848231352814
35.84791460333334,127.13322568333334,66.52103530645522
35.847914638333336,127.13322633833334,65.62875019582575
35.847914638333336,127.13322703666667,67.05630433041352
35.847914636666665,127.13322773333333,67.6380979636169
35.847914671666665,127.13322843333331,67.23649031408678
35.84791472333333,127.13322911666667,67.36130797900341
35.847914765000006,127.13322978333332,67.92991469641238
35.84791482,127.13323035166668,66.15110787235035
35.84791483666667,127.13323101666668,68.59000252516294
35.84791485666666,127.13323166500001,67.62463853385286
35.84791486333334,127.13323234333332,64.08519453788135
35.84791492333333,127.13323295833334,63.88395605328521
35.847914885,127.133233715,66.35481612944447
35.847914896666666,127.13323437333332,70.04684906987153
35.84791493333333,127.13323509166666,69.12285270479082
35.847914975,127.13323572833333,70.16932472728912
35.84791499666667,127.13323639999999,71.4798514844812
35.84791503666667,127.13323705666666,72.6869543973201
35.847915031666666,127.13323764666666,69.94697699729328
35.84791511,127.13323823,66.63306224283083
35.847915165,127.13323888166666,68.66985958121182
35.84791517,127.13323948500002,69.68583759246965
35.84791519833333,127.133240145,67.92060166221208
35.847915140000005,127.13324072833332,68.86318255268877
35.847915175000004,127.13324136000001,70.95288760069313
35.84791521666667,127.13324195333334,74.49422670751275
35.84791520666667,127.13324255499998,74.30101915414538
35.847915234999995,127.13324321,71.55085256600432
35.84791527166667,127.13324384499998,73.94201352941454
35.847915305,127.13324447000001,72.79578480658338
35.847915289999996,127.13324506166667,72.28874496995402
35.847915316666665,127.13324566166666,73.48230958849766
35.847915459999996,127.13324622166668,70.9523430478223
35.84791543833333,127.13324676333335,71.1759900240071
35.84791548333333,127.13324744333335,71.97468350328116
35.84791549166666,127.13324809166667,72.3149254657976
35.84791552833334,127.13324872166667,70.66787138320362
35.847915531666665,127.13324941,71.94015075339505
35.847915576666665,127.13325010833333,73.88059395094407
35.84791555333334,127.13325083166667,74.23942985754043
35.847915585,127.13325147833332,73.98510172861366
35.847915611666664,127.13325221333335,72.30313426057971
35.84791565333333,127.13325281833335,75.35171432612525
35.84791563666667,127.13325348833332,72.84277363985858
35.84791576166666,127.13325412833335,70.8573898302892
35.84791578,127.133254785,70.78870106607155
35.84791579,127.13325545000001,70.5114014301645
35.847915795,127.13325610833333,72.39634301828406
35.847915863333334,127.13325672499998,73.1103047691621
35.84791591333333,127.13325739666668,70.46123617414396
35.84791594,127.13325802,68.7791873779033
35.847916005,127.133258685,66.51203158553933
35.847916015,127.13325931666668,66.03731011158258
35.84791605833333,127.13325997666668,64.77460407801675
35.84791610333333,127.13326057499998,63.679837267996426
35.84791608166667,127.13326122333335,64.29811601157948
35.847916131666665,127.13326187833333,65.87344952793639
35.84791619166666,127.13326242,67.21649646135113
35.84791611666667,127.13326313833335,68.42364216523083
35.84791625333333,127.13326376166667,68.24030543586997
35.847916248333334,127.13326446499998,69.1175038070579
35.84791628333333,127.133265115,69.51240203300841
35.84791628166667,127.13326580833333,69.64283867035687
35.847916293333334,127.13326650333332,67.44349541583722
35.847916248333334,127.13326720333335,66.38574195377932
35.84791629166667,127.13326798333334,67.47674344186495
35.847916276666666,127.13326868500002,66.39746760100026
35.84791628999999,127.13326938833333,64.7700310672833
35.847916303333335,127.13327005000001,65.69237715868749
35.847916385,127.133270675,65.60445327895033
35.847916385,127.13327132499998,66.28551509975539
35.84791640833334,127.13327194666665,65.20039063750576
35.84791647,127.13327258166667,66.05841972124026
35.84791650499999,127.13327317166667,67.67198482944664
35.84791647666667,127.13327373333335,67.61480091626925
35.84791652166667,127.13327431666667,67.9509727961795
35.84791645,127.13327502666668,68.71005464119978
35.84791646666667,127.13327567,71.48618508478413
35.84791650499999,127.13327635666668,70.75979143506167
35.84791646833333,127.13327705833332,69.85642902519608
35.84791648666667,127.133277705,67.42022453699299
35.84791654833334,127.133278375,67.04571993204083
35.84791656,127.13327891666668,67.60407666513257
35.84791654166667,127.13327962999999,67.26984218073972
35.84791657833333,127.13328018166666,66.59775386498097
35.84791665833333,127.133280775,65.57171886195222
35.847916688333335,127.13328140666665,68.97994457803387
35.84791671833333,127.13328205166665,69.75867028227002
35.84791672833333,127.13328270333335,70.26617979017614
35.847916778333335,127.13328339333333,69.65531299599627
35.84791678166666,127.13328412999999,71.33843026224694
35.8479168,127.13328476333332,69.91620450920851
35.84791688166667,127.13328543000002,67.53531821790631
35.84791689,127.13328600499999,64.87822515486347
35.84791689,127.13328670166666,64.75129808077223
35.84791692833333,127.13328729499999,62.977675299230334
35.84791690666667,127.13328792166666,63.717135030783886
35.847916995,127.13328860499999,65.39126346107456
35.847916966666666,127.13328935166668,65.01944545637083
35.84791700666666,127.13329006999999,66.432675208026
35.84791693666667,127.13329085833332,66.46168002767332
35.847916993333335,127.13329152833333,65.60562463059055
35.84791699833333,127.13329221833334,66.56912924472603
35.84791700666666,127.13329290166666,69.063361443802
35.847917035,127.13329346,69.17896471094063
35.847917120000005,127.13329408166668,69.45714049158643
35.847917108333334,127.13329468166667,72.6863121240501
35.84791713833333,127.133295215,71.6135770253702
35.84791716833333,127.13329582,73.83194510042007
35.84791722166666,127.13329639333332,70.99692256242696
35.847917198333334,127.133296975,70.29660725878993
35.847917251666665,127.13329760166668,69.59808886566412
35.84791725833334,127.13329827833334,69.74732173655497
35.847917233333334,127.13329898166667,65.9448901447535
35.84791719,127.13329972166666,67.11340018551071
35.847917233333334,127.13330043333332,67.26258641624115
35.847917286666664,127.13330109166667,65.63375505222105
35.847917261666666,127.13330186666666,66.80552445196247
35.84791729166667,127.13330246166667,65.06085768496307
35.84791737333333,127.133303085,65.14520986198606
35.84791739166667,127.13330380166666,62.37161633937171
35.84791746,127.13330447333334,61.97648278711806
35.847917491666664,127.13330526333333,62.66919732052123
35.84791753333333,127.13330600333332,60.61927767803538
35.84791747333334,127.13330687999999,60.9618055630803
35.847917546666665,127.13330769166666,60.433456181541935
35.84791757833333,127.13330851333333,62.08998510536466
35.847917555,127.13330927500002,61.32721454776415
35.847917575,127.13331015833334,60.652576769144574
35.847917583333334,127.13331086166666,56.778755097741296
35.84791756333333,127.13331165833333,56.726313065988975
35.847917603333336,127.13331232,57.314311048424464
35.847917648333336,127.13331316166665,56.936609636406985
35.847917675,127.133313995,58.27733829100061
35.847917716666664,127.133314835,60.25659649692597
35.84791770833333,127.13331564999999,60.87999925990058
35.84791773166667,127.1333165,63.47238231438081
35.847917755000005,127.13331736333333,65.85370004076573
35.847917898333336,127.13331820333333,66.31446537988596
35.84791795333333,127.13331901000001,67.1501217058012
35.847918048333334,127.13331975166666,68.12505984255468
35.847918065,127.13332046833332,67.60068765162886
35.847918155,127.13332123833334,68.26397553983806
35.847918175000004,127.13332193833334,69.71263086875464
35.84791819666667,127.13332275833334,69.89316990111054
35.847918254999996,127.13332344833334,71.97420357687247
35.84791832166666,127.13332427666667,70.91480440211306
35.847918326666665,127.13332504999998,69.5042846320521
35.84791837333333,127.133325805,68.59196277828005
35.847918355000004,127.13332665000001,68.40096946698372
35.84791839333333,127.13332735166665,68.39949386677488
35.84791844666667,127.13332811999999,70.88873584704373
35.84791843833333,127.13332890666668,69.77087755844845
35.84791848666667,127.13332961166667,68.37179967966554
35.847918514999996,127.13333031333335,68.31631478042561
35.847918531666664,127.13333108833334,68.05921074045223
35.847918506666666,127.13333175666666,68.42626217271474
35.847918575,127.13333249333333,67.98823044489662
35.847918611666664,127.13333323999998,65.58466172119923
35.84791863333333,127.13333392833334,61.632675640509426
35.8479187,127.13333463166667,59.18056612016621
35.847918674999995,127.13333538999998,58.509817126502085
35.84791865666667,127.13333602833333,56.46508610764301
35.84791869,127.13333666666668,55.455481219467245
35.847918723333336,127.13333730999999,57.60695891017199
35.84791868833334,127.13333801166667,59.62377409782804
35.84791868,127.13333874833333,60.81586272863897
35.84791862,127.13333944666668,69.63632006635987
35.84791861,127.13334016499999,72.87774391438617
35.847918565,127.13334100666667,82.21735782065923
35.84791863833333,127.13334179999998,99.53478336182152
35.84791861833333,127.13334258833332,107.52746281620433
35.84791853,127.133343415,124.27540786203662
35.847918595,127.13334416333333,134.0920997740226
35.847918586666665,127.13334496500002,140.47022450127338
35.847918615000005,127.13334572833334,154.33151080839804
35.84791866333333,127.133346515,162.64944244267357
35.847918595,127.13334739166666,172.4157578806933
35.847918648333334,127.13334815833332,178.52840380863546
35.84791872,127.13334894166668,-174.4422029389702
35.84791868833334,127.13334974333333,-172.82639543765097
35.847918836666665,127.13335057666667,-169.93224048357393
35.847918879999995,127.13335143499998,-165.04464514018395
35.84791895666667,127.13335223500002,-162.29303313499153
35.847918995,127.13335301333333,-159.3483024100227
35.84791903666667,127.13335376833332,-158.5871634253039
35.84791907333333,127.13335454000001,-159.06388717869046
35.84791913666666,127.13335524500002,-159.42563939512257
35.84791921,127.13335595833333,-159.08055001894377
35.84791921,127.13335667999999,-159.2613676321657
35.847919274999995,127.13335738166667,-159.06871439413823
35.84791931666667,127.13335798666667,-160.37831393633678
35.84791934,127.13335866166666,-161.11463729006118
35.84791937,127.13335927833332,-162.83895290202403
35.847919435,127.13335988833333,-162.5615261866931
35.847919463333334,127.13336057333332,-162.37318004640818
35.847919514999994,127.13336114500001,-161.29070652827798
35.847919538333336,127.13336175333333,-161.17077649549933
35.847919626666666,127.13336229666666,-162.5341137078642
35.84791968333333,127.13336283833333,-163.47540449833332
35.847919765,127.13336335333334,-163.41475653787455
35.84791980166666,127.13336391833333,-164.61234318063282
35.84791982,127.13336448833334,-165.39287661451914
35.847919831666665,127.13336502166666,-166.8975804199638
35.847919845,127.13336567666666,-168.28767397569194
35.84791979166666,127.133366245,-166.26056799020736
35.847919775,127.13336687166665,-166.49187903759582
35.847919786666665,127.13336749333332,-165.59265683970642
35.84791966666667,127.13336819166668,-165.55428325743955
35.84791961333334,127.13336898166666,-164.5185221025353
35.847919573333336,127.13336956500001,-163.99264963507517
35.84791946166667,127.13337019833334,-164.22305093800026
35.84791937333333,127.13337079166668,-164.38473074691302
35.84791937666667,127.13337133666667,-165.0684899671962
35.84791938666667,127.13337172666667,-165.0539893839479
35.84792469333333,127.13337660333333,-164.56455146585688
35.84792497666667,127.13337660333333,-164.59551094419479
35.84792522666667,127.13337661666668,-164.52058862951515
35.84792545333333,127.13337661666668,-163.11644719201558
35.84792569666667,127.13337662666666,-163.20404767311948
35.84792589333333,127.13337667666669,-162.21226002922248
35.84792617166667,127.13337666999999,-162.84030815820014
35.847926451666666,127.133376715,-163.61862897081866
35.84792679666667,127.13337668833334,-163.35125209834356
35.84792714333333,127.13337668666667,-165.43549449309964
35.847927485,127.13337667833333,-164.65746273602886
35.84792784166667,127.133376675,-164.81581544458228
35.847928188333334,127.13337663666668,-165.17212191412767
35.84792848833333,127.13337661833333,-165.0914887116412
35.847928805,127.13337657666668,-165.36128357659967
35.847929173333334,127.13337658666666,-165.56389885483696
35.84792958333333,127.133376555,-164.76559521497083
35.84792999333333,127.13337656333333,-164.71986804228462
35.84793036333333,127.13337658,-164.12377163033153
35.84793062666667,127.13337659333335,-164.8616683542516
35.84793093,127.13337659166667,-166.44906150984502
35.84793128,127.13337660666666,-166.71124603580924
35.847931745,127.13337663666668,-167.69440413383046
35.847932199999995,127.13337662999999,-168.51998767847638
35.84793249,127.133376615,-167.41310477321596
35.847932825,127.13337664999999,-167.45439762749695
35.84793325166667,127.13337663833333,-166.77064694067585
35.847933675,127.13337661833333,-166.34482472546077
35.84793392833333,127.13337662166666,-165.39127716387088
35.84793427499999,127.13337660833334,-165.595723900518
35.84793466,127.13337659666668,-165.3886538681183
35.847935085,127.133376575,-164.79131154310758
35.84793540166667,127.13337660166665,-165.7289699643403
35.847935805,127.13337664999999,-166.29890286355652
35.847936178333335,127.13337668666667,-165.1619423894991
35.84793648833333,127.13337671666667,-166.66069021555512
35.84793684666667,127.13337674499999,-166.23977755842893
35.847937185,127.13337674333334,-166.03088058859586
35.847937529999996,127.13337678333333,-164.3927784861182
35.84793789166667,127.13337681833333,-164.15862183601186
35.84793827166666,127.13337687833334,-163.8909569784143
35.84793864,127.13337690000002,-162.78418907284706
35.84793899333333,127.13337686999999,-163.45274029600205
35.847939464999996,127.13337685,-164.22909831454527
35.84793992833333,127.13337684833331,-165.31967019163184
35.84794041833333,127.13337686999999,-164.21690551993925
35.847940890000004,127.13337691333332,-163.86943792493472
35.84794138833333,127.13337687500001,-161.683426191613
35.847941885,127.13337691833334,-162.0222916184872
35.84794232666666,127.13337697,-159.71861681894333
35.847942833333335,127.133377005,-157.16485227306458
35.847943361666665,127.13337701166665,-155.36669976720668
35.84794386333333,127.13337702333335,-151.44017757815328
35.847944418333334,127.13337699833333,-150.06545400283295
35.84794496,127.133376985,-142.64511214412465
35.847945411666664,127.13337696333335,-139.51329325103848
35.84794596333334,127.13337691333332,-138.58200228088796
35.847946504999996,127.13337688833332,-133.79638501828242
35.847946988333334,127.13337689666666,-131.89080995343394
35.847947463333334,127.13337681666665,-129.64183525433754
35.847947946666665,127.13337677833333,-126.31224152464317
35.84794841166667,127.13337675333332,-124.3312180844777
35.847948869999996,127.13337677166668,-122.77412067589566
35.84794934166667,127.133376735,-120.18044292839747
35.847949846666666,127.13337671333332,-117.63665550463125
35.847950445,127.13337661166666,-116.9562320620651
35.84795091666667,127.13337658833333,-115.76589581836001
35.84795146666667,127.13337647833332,-114.88366687236231
35.847951898333335,127.13337644500001,-113.27911930960616
35.847952155,127.13337645499999,-112.88458794894068
35.847952514999996,127.13337636166668,-109.24025260082784
35.847952621666664,127.13337639499998,-105.91315298836255
35.84795281833333,127.1333763,-103.492694731044
35.847952989999996,127.13337625999999,-98.50464645589203
35.84795312833333,127.13337623000001,-96.17209710326745
35.84795328,127.13337600666667,-95.84761855663994
35.847953491666665,127.13337582166666,-95.64469172908623
35.84795378,127.13337553666666,-93.48011645988181
35.84795404666667,127.13337523166668,-92.56100679676331
35.84795437166667,127.13337481333335,-92.56110422832626
35.84795462666667,127.13337441666665,-92.57521166756707
35.847954746666666,127.13337396666665,-93.11854843857522
35.84795504666667,127.13337339333333,-93.30276170729668
35.84795527666667,127.13337294833333,-94.20212429964205
35.84795552,127.13337250499998,-95.30931420582984
35.84795551166667,127.13337260499999,-95.47332929033952
35.847955605,127.13337247666665,-96.52933318913283
35.84795566333333,127.13337235499999,-97.6226487025636
35.847955745,127.13337218666666,-98.8913002358401
35.84795581833334,127.13337190333331,-99.30905771565435
35.847955905000006,127.13337158833335,-99.67486612200082
35.84795600166667,127.13337124666666,-100.46338502955217
35.847956025,127.13337075166667,-100.64953301787108
35.84795603333334,127.13337034333333,-101.31333028318056
35.84795605666667,127.133370105,-100.98018505169888
35.84795604666667,127.13337015,-101.01724076776202
35.84795606333333,127.13337036166668,-101.19871162880935
35.847956098333334,127.13337061666668,-100.43041030251345
35.847956110000005,127.13337093666665,-100.90778729205512
35.84795620333333,127.13337140833333,-99.32582972052725
35.84795624833334,127.13337183666665,-100.10432291045247
35.84795633666667,127.13337230500001,-99.71110086087563
35.84795646166666,127.13337274666668,-99.47842230751158
35.847956535,127.13337321499999,-98.59297495967897
35.84795658666667,127.133373605,-100.44722174373587
35.84795660166667,127.13337399666668,-100.11765388528714
35.847956665,127.13337440166667,-100.45138062907256
35.84795672,127.13337469833331,-101.05121296842253
35.84795672333333,127.13337497666667,-101.11594363564782
35.84795671833333,127.133375205,-101.59931945313424
35.84795669333334,127.13337537999999,-101.62105787069667
35.847956661666665,127.13337555166666,-101.86473865921053
35.84795667,127.13337560500001,-102.38562366960505
35.847956605,127.13337575666668,-102.56169660675286
35.847956675,127.13337584666667,-103.53420166491367
35.84795671166667,127.13337594499998,-104.21494015269023
35.847956673333336,127.13337597166668,-104.84938958867691
35.84795661,127.13337610833332,-105.6987189594991
35.84795661,127.13337631499999,-104.92978957734636
35.84795666,127.13337646166669,-103.88602612124517
35.84795669333334,127.13337666666666,-103.88630221909793
35.847956695,127.13337693166667,-103.82986049814295
35.847956726666666,127.13337718333332,-102.66863715394757
35.84795690333333,127.13337746999999,-102.08333989119764
35.84795698333333,127.13337764833335,-102.43805081623297
35.847957005,127.133377855,-102.79198569554336
35.847956999999994,127.13337804166667,-102.85649686180497
35.847956999999994,127.13337817833332,-102.8367167952027
35.847956975,127.13337829166667,-103.60191701039564
35.847957019999996,127.13337833833333,-104.39901702134688
35.84795701833333,127.13337836999999,-106.17223215569874
35.847956999999994,127.13337839333332,-105.6654528261678
35.84795701166667,127.13337837166667,-104.62800865573688
35.847956980000006,127.13337835166666,-104.1896856806138
35.84795697166667,127.133378295,-104.2641560288869
35.84795694666666,127.13337823166667,-103.52077843607478
35.847956948333334,127.13337815833331,-103.01550673425854
35.84795696166667,127.13337814166668,-103.2851085152552
35.847956970000006,127.13337820333332,-103.2851085152552
35.847957005,127.13337823333335,-102.60626071617001
35.847957038333334,127.13337818833334,-104.13621304185934
35.84795699166667,127.13337820333332,-104.7336286843664
35.847957009999995,127.13337811000001,-104.99697938115462
35.847956965,127.13337804833333,-105.32625703117114
35.847956955,127.13337810666665,-105.07683943396952
35.847956941666666,127.13337809166666,-104.80658118102902
35.847956931666666,127.133378065,-104.91241019932939
35.847956950000004,127.13337806833333,-105.11024534936813
35.84795691833333,127.13337811666666,-105.13763996635011
35.847956925,127.13337814,-105.02890592544836
35.847956999999994,127.13337814333333,-103.3940715822301
35.84795698833333,127.13337819333334,-103.25674227100603
35.847956985,127.13337820999999,-103.33203096118591
35.84795701166667,127.13337822,-102.75056604395593
35.84795700166667,127.13337831166668,-102.88261861106095
35.84795698833333,127.13337844666667,-102.71124293926667
35.84795698333333,127.13337862499999,-102.9781351890363
35.84795693,127.13337884333332,-103.25429964906785
35.847956948333334,127.13337902500001,-103.58256820022183
35.84795690166666,127.13337918999999,-102.6419009912946
35.84795690833334,127.13337928833334,-103.15472443404646
35.847956866666664,127.133379375,-102.79317229216726
35.84795686166667,127.13337935166668,-102.7918951554528
35.84795686333334,127.13337930833335,-102.90454859648105
35.847956866666664,127.13337922333334,-103.82453278512735
35.847956896666666,127.13337913333335,-103.49751104252441
35.84795690666667,127.13337903666667,-102.8741259610902
35.84795690333333,127.13337894166668,-102.16195199796742
35.84795690666667,127.13337892166668,-103.08986975374846
35.84795690333333,127.13337888666668,-103.92642488152761
35.84795695166667,127.13337883166666,-103.40582272043865
35.84795695333333,127.13337881333334,-102.94084570339515
35.847956915000005,127.13337885000001,-102.09352165038337
35.847956798333335,127.13337887666667,-103.47524077830226
35.84795683833333,127.13337892833333,-103.09180334666779
35.847956690000004,127.133379,-102.94850968991945
35.847956681666666,127.13337906500001,-102.8653421644156
35.847956655,127.13337912333333,-102.66068632135729
35.84795686333334,127.13337912333333,-103.06198593470387
35.84795692333333,127.133379115,-102.93831675431977
35.84795692833333,127.133379105,-102.59847395137206
35.84795694666666,127.133379145,-102.15229729954815
35.84795694333333,127.13337914666666,-102.98747215461569
35.847956945,127.13337914333333,-102.68796099305665
35.84795696833333,127.13337908999999,-103.56512486473466
35.84795698833333,127.13337906999999,-103.02398690353566
35.847956966666665,127.13337901833332,-103.50689163905662
35.847956965,127.13337894666665,-103.27740272040586
35.847957009999995,127.13337888833333,-102.93995010779342
35.84795700166667,127.13337899000001,-102.78378218189904
35.847957003333335,127.13337902500001,-102.92277534935495
35.847956911666664,127.13337897666666,-102.84726565134557
35.84795690833334,127.13337893666667,-103.22059577863223
35.84795689166666,127.13337891666667,-102.4490016652611
35.84795692333333,127.13337890833333,-102.26306999827797
35.84795697333333,127.13337894166668,-102.67920429365213
35.847956980000006,127.13337894166668,-102.95768004087498
35.847956980000006,127.13337891666667,-102.85685857490971
35.847956941666666,127.13337893666667,-102.8644864084845
35.84795700833333,127.1333789,-102.21155275501977
35.84795700166667,127.13337890833333,-103.07861660025758
35.84795698999999,127.13337890333332,-102.99622384218954
35.847957038333334,127.13337890666665,-103.25792376133406
35.84795698166667,127.13337893,-102.9124052513536
35.847956995,127.133378905,-102.6882738151092
35.84795699833333,127.13337890833333,-102.7302235678746
35.847957003333335,127.13337891833335,-102.81225934134878
35.847957023333336,127.13337887833335,-102.6522562961477
35.847957013333335,127.13337889666667,-103.42096752495878
35.847956980000006,127.13337889,-102.9124052513536
35.847957019999996,127.13337888833333,-102.65400997916237
35.84795703666667,127.13337889,-102.83083276587115
35.847956931666666,127.13337889333334,-102.43986536170785
35.847957005,127.13337887333334,-102.68856896915798
35.84795698999999,127.13337890833333,-103.02578119580892
35.84795697166667,127.13337891833335,-102.59015775202177
35.847957019999996,127.1333789,-101.64208386798248
35.84795698333333,127.13337890166667,-101.83517721632307
35.84795698999999,127.1333789,-103.55685400410763
35.847956995,127.13337892,-102.99681800571395
35.84795700833333,127.13337889499999,-102.63539694734827
35.847956966666665,127.133378905,-102.29786769116903
35.84795698999999,127.13337890333332,-102.31515818914352
35.84795698833333,127.13337892,-102.05253308400688
35.84795696833333,127.13337893666667,-103.07010248714785
35.84795698333333,127.13337892,-102.59937453096465
35.84795697166667,127.13337893833335,-102.97086918274495
35.84795699833333,127.13337893666667,-102.93068054585841
35.84795700666667,127.13337892833333,-103.00732414592987
35.84795701166667,127.13337894166668,-103.41583292335594
35.847956976666666,127.13337893166666,-103.50522071927868
35.84795699166667,127.13337893833335,-102.8929063348364
35.847956993333334,127.13337894166668,-102.80309589551283
35.84795698833333,127.133378945,-102.80309589551283
35.847957015,127.13337892166668,-103.21903523960216
35.84795694666666,127.13337892333332,-102.92463296970007
35.847956956666664,127.13337891,-102.77627838053621
35.84795694,127.13337893,-103.3807537176145
35.847956948333334,127.13337893333333,-102.96914769831214
35.847956995,127.13337897499999,-102.84352757172407
35.84795699166667,127.13337899333334,-103.42182542979447
35.847956993333334,127.13337900333333,-102.90323421629031
35.84795697333333,127.13337898500001,-103.6514367911753
35.847956966666665,127.133379,-103.11042412826144
35.84795697333333,127.13337898666666,-103.30708283139478
35.84795693333333,127.13337900166668,-103.03547564954164
35.84795694666666,127.133379,-102.76758230723078
35.84795694333333,127.13337897499999,-102.84846333402605
35.84795694333333,127.13337901333334,-102.35090053009216
35.847956931666666,127.13337898500001,-103.27888493187903
35.84795693,127.13337897000001,-102.83095424081388
35.84795695333333,127.13337897166666,-102.77657670912183
35.84795695333333,127.13337896,-102.4151028956674
35.84795692666667,127.13337897000001,-102.24680813756207
35.847956905000004,127.13337897000001,-102.34217400289775
35.84795690333333,127.13337895499998,-103.09027448881098
35.84795692,127.13337897000001,-102.04486616655807
35.84795690833334,127.13337898500001,-102.57375129488504
35.847956895,127.13337900333333,-103.47735472512737
35.84795690833334,127.13337900666666,-103.13830655656787
35.847956911666664,127.13337899499999,-101.19938441927717
35.8479569,127.13337898666666,-102.88838812278532
35.84795691,127.13337900666666,-103.09222878525144
35.847956911666664,127.13337900333333,-102.84988286485546
35.847956948333334,127.13337901166666,-102.12934080194387
35.847956985,127.13337899000001,-102.94422079801997
35.847956958333334,127.13337901666667,-102.96086468396196
35.847956948333334,127.13337901333334,-101.87701249293092
35.847956895,127.13337898833333,-102.30344271540103
35.847956958333334,127.13337900833334,-102.86744544502997
35.847956886666665,127.13337898833333,-102.92679400180796
35.84795685666666,127.13337900333333,-102.58352320549938
35.84795686333334,127.13337898,-103.33311757825463
35.847956866666664,127.13337900833334,-103.02756371033612
35.84795685833333,127.13337900166668,-102.67255804412557
35.847956875,127.13337899333334,-102.66309334045152
