35.84795682166667,127.13337795333334,-100.51917404350611
35.847956755000006,127.13337790666668,-100.9859062353576
35.847956778333334,127.13337777166667,-102.34230034744553
35.84795686166667,127.13337754833334,-103.13911562806571
35.84795692833333,127.13337733833332,-103.65191725013338
35.847956798333335,127.13337709999999,-105.89641256982624
35.84795671333333,127.133376945,-105.0643255503043
35.847956695,127.13337707500001,-105.10300789210824
35.84795671166667,127.13337712833332,-105.03083657762255
35.847956696666664,127.13337719666667,-104.05867756447616
35.84795669333334,127.13337724,-102.83629908747054
35.84795671166667,127.13337736999999,-101.8035018672086
35.84795675833333,127.13337758333334,-99.78423179836605
35.84795677166667,127.13337777500001,-99.66809513136282
35.847956741666664,127.13337792166666,-99.24306246348334
35.84795675333333,127.13337804666665,-98.36238083663922
35.84795677166667,127.13337811000001,-97.95196492275997
35.84795678,127.13337817166666,-98.68983069669163
35.847956794999995,127.13337818999999,-98.35432154834642
35.847956868333334,127.13337828333333,-98.32472104266586
35.847956823333334,127.13337830166665,-98.01017477210735
35.847956806666666,127.13337830833333,-98.46503472920026
35.84795692,127.13337838166666,-97.77439142321758
35.847956888333336,127.13337833333331,-97.60348956035759
35.84795690833334,127.13337834000001,-96.88280879145096
35.847956941666666,127.13337838833334,-96.5290298787648
35.847956945,127.13337843166667,-96.29071925324236
35.84795698666667,127.13337850166666,-96.10901270734743
35.847957009999995,127.13337854499999,-95.92223549082237
35.847957015,127.13337857833334,-95.5604784388519
35.84795701833333,127.13337856000001,-95.7814001915776
35.847957015,127.13337854833331,-96.68444580135622
35.847956975,127.13337857500001,-96.76496830432546
35.84795702833333,127.13337850833335,-96.64616699636369
35.84795700666667,127.13337852166666,-96.66305214508346
35.84795700166667,127.13337851333333,-96.47841415567865
35.84795700666667,127.13337847166667,-95.95922730935898
35.847957009999995,127.13337850333333,-96.34566075814374
35.84795704333333,127.13337847666665,-95.81347090579233
35.847956956666664,127.13337847,-96.14068037163094
35.84795696833333,127.13337843666667,-95.63237910540767
35.84795696166667,127.13337849,-95.76375321862784
35.84795697833333,127.13337847666665,-95.59400558438182
35.847957009999995,127.13337847,-96.09648712920304
35.847957055,127.13337845166667,-96.36893482071639
35.847956993333334,127.13337845166667,-95.43752192941665
35.847957058333336,127.13337842166666,-94.65674166703923
35.84795705333333,127.13337840499999,-95.64129442126641
35.847957055,127.13337828333333,-94.88174538406736
35.847957058333336,127.13337811166666,-94.15294751723346
35.847957023333336,127.13337781833334,-95.22058638816432
35.84795707,127.13337743333335,-94.47946928690045
35.84795696333333,127.133377005,-93.59011638851847
35.847956945,127.13337655666668,-94.83915324345448
35.84795691833333,127.13337597333333,-94.26325668776
35.847956855,127.13337548666665,-95.37126890316098
35.847956845,127.133375075,-95.73321167852639
35.84795681166667,127.13337455666667,-97.46569392694575
35.847956715,127.13337410333334,-96.8204041005017
35.847956853333336,127.13337362666668,-97.54054882115496
35.84795686166667,127.13337316666666,-97.66702180414005
35.84795680166667,127.13337269333333,-97.08475243578596
35.847956745000005,127.13337215666667,-98.01236537955583
35.847956661666665,127.13337162833335,-99.02008630107744
35.847956540000006,127.13337104333336,-98.66439196412338
35.84795648833333,127.13337042833334,-98.84570283353656
35.847956436666664,127.13336980000001,-98.31799109729702
35.84795637333333,127.13336917833334,-99.22477586960697
35.84795634,127.13336854166667,-99.00335121417913
35.847956270000005,127.13336789333334,-98.54584058209232
35.847956235,127.13336727666668,-99.0347724306156
35.84795620166666,127.13336663833334,-98.57705641259817
35.847956223333334,127.13336597333334,-97.84555659050264
35.847956214999996,127.13336535166667,-96.65248393048952
35.847956175,127.13336474499998,-95.70013704733563
35.84795603333334,127.13336417333333,-95.57251659322115
35.847956008333334,127.13336355499999,-95.21236664768541
35.847955965,127.13336292999999,-95.16990044113416
35.84795597833333,127.133362325,-95.74094366996123
35.84795598833333,127.13336170666668,-94.67756825737105
35.84795592166667,127.13336109833332,-95.35229309539064
35.84795591,127.13336045666668,-96.22913991427214
35.847955924999994,127.13335979833333,-96.06631787652321
35.84795585333333,127.133359105,-96.78172091238352
35.8479559,127.13335844,-96.58441258978998
35.847955821666666,127.13335778000001,-96.70949337703551
35.847955815,127.13335712833332,-96.02480954596894
35.84795581,127.133356425,-95.83606786646055
35.84795583333334,127.13335578166668,-95.13385707009166
35.84795577333333,127.13335512166665,-95.30278312549412
35.84795571833333,127.13335445166668,-95.12035945387812
35.84795578166666,127.13335379666665,-95.29585966733285
35.847955725,127.133353125,-95.0783556658795
35.847955675,127.133352465,-95.12873415456518
35.84795567833333,127.13335176000001,-94.75329532122237
35.84795562,127.13335109500001,-95.23971499984138
35.84795545666667,127.13335040166666,-95.10237077208167
35.84795547666667,127.13334974666668,-94.92528400872455
35.84795540333334,127.13334903666667,-95.5992769652209
35.84795533333333,127.13334838,-96.17512460447004
35.84795534166667,127.13334759333333,-96.11529913298156
35.84795526333333,127.13334692666668,-96.49034344168993
35.84795527666667,127.13334617000001,-97.37019081218261
35.847955260000006,127.133345445,-97.90320172792633
35.847955191666664,127.13334465000001,-98.7477970894217
35.847955148333334,127.133343895,-99.39079428809045
35.84795502,127.13334316666666,-98.73986267544349
35.84795501666667,127.13334237666668,-98.966236292627
35.84795504666667,127.13334162666666,-98.25651185265016
35.84795490166667,127.13334086333334,-98.87898192745892
35.847954879999996,127.13334012833333,-98.45883771200184
35.847954853333334,127.13333935666667,-98.29283139888271
35.84795481166667,127.13333868666665,-98.0854119613725
35.84795482333333,127.133337845,-97.91351249788616
35.847954775,127.1333371,-96.74413627523488
35.84795477666667,127.13333637666668,-96.91668858579584
35.847954703333336,127.13333570166667,-96.51688697127636
35.847954685,127.13333497999999,-96.00510902046
35.847954673333334,127.13333429166666,-95.4880573975642
35.84795466166667,127.133333625,-94.98219874608888
35.847954673333334,127.133332935,-94.97899455278075
35.847954591666664,127.13333224166666,-94.46305733016784
35.84795460666667,127.13333162166667,-94.94136558025225
35.847954535,127.13333098833333,-94.79037261245043
35.84795449666667,127.13333030333334,-94.82604486957396
35.84795447666667,127.13332959666668,-95.14013997717188
35.847954449999996,127.133328895,-94.91108122888956
35.84795446333333,127.13332818666667,-94.38583826018287
35.84795440166667,127.13332747499999,-94.73466925625051
35.84795449666667,127.13332678999998,-94.21676561935736
35.847954486666666,127.13332613833333,-94.20542377185735
35.847954488333336,127.13332546166666,-93.80578071872942
35.84795448333333,127.13332472833332,-94.87949991505666
35.847954455,127.13332410833333,-94.52400106163475
35.84795442833333,127.13332340000001,-95.92650763609052
35.84795438333333,127.13332280000002,-96.96419199646056
35.847954296666664,127.13332212333334,-97.86159924265532
35.847954341666664,127.13332141333333,-97.01801856870833
35.84795427166667,127.13332073166666,-98.54350813158287
35.847954253333334,127.13331995499999,-97.89909440524396
35.84795418833333,127.133319235,-97.62531950101145
35.84795422166667,127.13331848666667,-97.42526664591432
35.84795415666667,127.13331777999998,-97.25778357701921
35.84795423833334,127.13331706833333,-97.27328967941165
35.84795424,127.13331635000002,-97.47916998213434
35.84795418666667,127.13331569333334,-97.13125921123866
35.847954136666665,127.13331492833335,-97.86649699065914
35.84795404333333,127.13331434166666,-97.4266578095919
35.847954035,127.13331358833332,-98.01588049898557
35.84795394333333,127.13331288666669,-97.33784305676544
35.84795392833333,127.13331217333334,-97.47279862093855
35.847953948333334,127.13331140999999,-97.75017196624022
35.84795393833333,127.13331064833334,-96.64008532067068
35.84795387,127.13330986166666,-96.64668639821316
35.847953925,127.13330908333334,-96.8427531435416
35.84795391833333,127.13330838833332,-96.82320736356192
35.847953948333334,127.13330755666667,-97.20265063192628
35.84795390166666,127.133306945,-96.52932132755198
35.847953931666666,127.13330616,-96.14405395088727
35.847953866666664,127.133305465,-95.9528156828374
35.84795382666667,127.13330473333332,-95.24819002613184
35.84795384833333,127.13330408333334,-94.64603915042474
35.84795381666667,127.13330343999999,-94.99847278191214
35.84795386333334,127.13330274,-95.587432519033
35.847953784999994,127.13330206833334,-95.36955929944698
35.847953581666665,127.13330143666666,-95.23382930995709
35.847953415,127.13330092666665,-95.93238312155992
35.84795354333333,127.13330038666666,-96.26830147285052
35.84795349,127.13329985333333,-96.42596967392481
35.847953573333335,127.13329927000001,-96.79907832607354
35.84795355166667,127.13329879666665,-97.57162004647193
35.84795354333333,127.13329829000001,-97.18888568745734
35.847953545,127.13329776666666,-97.5819805937087
35.84795350666666,127.13329716499999,-96.85578502004338
35.84795351333333,127.13329664,-96.8823927298865
35.847953515,127.13329609166667,-96.50572433389884
35.84795349666667,127.13329546166666,-96.49841476502485
35.84795345,127.13329485166666,-97.22522137410631
35.84795344166666,127.133294285,-96.50110464310261
35.84795345333334,127.13329364666667,-96.16932130404749
35.84795337166667,127.13329309166666,-95.9783102587679
35.847953409999995,127.13329248,-96.13322234101115
35.847953393333334,127.13329200166666,-95.62125214941587
35.847953445,127.13329133500001,-96.35718658719765
35.847953159999996,127.13329081666667,-96.5255032244765
35.84795307,127.133290235,-96.85641572556877
35.84795303666667,127.13328965666666,-97.45673444610594
35.847953035,127.13328895499998,-97.70004703064949
35.847953051666664,127.13328831833333,-96.89162330784474
35.847953035,127.13328756166666,-96.72372956519602
35.847953051666664,127.13328691166667,-96.03593610966544
35.847952928333335,127.13328618333335,-96.63657553826926
35.847952989999996,127.13328547833335,-96.04097525052002
35.847952910000004,127.13328476166667,-95.47824562342221
35.84795288,127.13328400666666,-95.67624182516634
35.84795298666666,127.13328341,-96.06458997228536
35.847952975,127.13328266166667,-96.06496613155718
35.847952944999996,127.13328198166667,-95.34294050915149
35.84795286333333,127.13328125833335,-95.83473771189944
35.847952791666664,127.13328064333334,-95.72142863584055
35.847952875000004,127.13327986833335,-96.2584879009536
35.84795286833333,127.13327929166665,-95.71174269956687
35.84795288833333,127.133278625,-95.49567654227974
35.84795268333333,127.13327800666666,-95.69659486869025
35.847952615000004,127.13327738499999,-95.51300008240334
35.847952613333334,127.13327672666668,-95.5123018674309
35.84795261,127.13327603333333,-96.46441626301966
35.847952621666664,127.133275365,-97.06855000732529
35.84795263666667,127.13327460000001,-96.79573401775158
35.847952615000004,127.13327397833334,-96.28734405259152
35.847952705,127.13327324333335,-96.24141218826905
35.84795264,127.133272605,-95.5380880245235
35.8479526,127.13327199833333,-95.5140234729385
35.84795264333333,127.13327125833332,-95.92173308730263
35.84795261833334,127.13327065999998,-96.10929924984556
35.84795259166666,127.13326994666667,-96.08813629752551
35.84795258,127.13326927000001,-96.86707156213792
35.84795257,127.13326854,-96.77849557949148
35.84795251833334,127.13326781333332,-96.6241837161334
35.84795251833334,127.13326705666665,-96.09683314821524
35.847952426666666,127.13326632666667,-96.24677736402042
35.84795229666667,127.13326560499999,-95.87571713837042
35.84795227833333,127.13326483,-95.8405835652793
35.847952185000004,127.13326412833334,-95.35247707275809
35.84795216166666,127.13326336166668,-96.64046507413829
35.84795212166667,127.13326258500001,-96.26079362911177
35.84795201,127.13326180500002,-96.03281344238076
35.84795204833333,127.133261055,-96.28134628911705
35.847952005,127.13326025500001,-95.8686792853361
35.847951951666666,127.13325951666666,-95.49181151033935
35.847951976666664,127.13325875166666,-94.74068605204167
35.847951895,127.13325804333333,-95.36812211517282
35.84795182166667,127.13325732,-95.30677086720567
35.847951800000004,127.13325664500002,-95.17089748304197
35.84795183833333,127.13325597666666,-95.85719305314626
35.84795176666667,127.13325528166666,-95.85267367433211
35.84795175666667,127.13325465499999,-96.62564694475108
35.847951761666664,127.13325401166666,-97.59216486998206
35.847951683333335,127.13325346666667,-97.96915096175265
35.847951725,127.13325289333334,-97.6119025345532
35.84795166833333,127.13325224666666,-97.39910090720109
35.847951648333336,127.13325164999999,-98.18873176764579
35.847951658333336,127.13325097833334,-98.19488039336746
35.84795161500001,127.13325028833333,-97.78683384289869
35.847951634999994,127.13324957000002,-97.42450810306858
35.84795162,127.13324887166667,-97.04096968708161
35.84795156833333,127.13324813666668,-97.83047139005275
35.847951535,127.13324738000001,-97.09917494888994
35.84795149666666,127.133246635,-98.02695160310529
35.84795138833333,127.13324589833334,-97.2550644631308
35.847951305,127.13324515166666,-96.64778273118753
35.84795128,127.13324444166668,-97.07010696515061
35.84795127833333,127.13324372999999,-96.51874191192628
35.847951263333336,127.133243095,-97.02556933939628
35.84795124833333,127.13324239666666,-95.32423567078293
35.84795121166667,127.13324176333332,-95.73253358413673
35.84795114,127.13324112999999,-95.00630859868585
35.847951128333335,127.13324054666667,-94.97945565588002
35.84795105166667,127.13323987500002,-94.99280382778161
35.84795104,127.13323918166667,-95.1897403970526
35.84795096166667,127.13323858166665,-95.57598031915597
35.84795093666666,127.13323787833333,-95.14727387812215
35.847950995,127.13323727333334,-95.38704528844455
35.847950956666665,127.13323658833333,-95.34028498901755
35.84794961666667,127.133206005,-95.01106258216039
35.847949555,127.133205375,-94.76457628921408
35.84794953833333,127.133204665,-95.3093875302911
35.847949478333334,127.13320394166666,-96.28435679694657
35.84794941333334,127.133203205,-96.95416830942581
35.847949365,127.13320255666667,-97.93583556693204
35.847949373333336,127.13320176333333,-98.49214693673962
35.84794934333333,127.133201095,-99.05207287150715
35.847949279999995,127.133200395,-99.41173592314925
35.847949245,127.13319966499999,-99.21019835410483
35.847949183333334,127.13319896,-98.66035662382225
35.84794916,127.13319823833332,-99.2185551588681
35.847949113333335,127.13319754833334,-100.02401775434969
35.847949146666664,127.13319684499999,-100.15380755225453
35.847949078333336,127.13319613166665,-99.56745850161187
35.847949084999996,127.13319539999999,-98.95335763332342
35.84794905333333,127.13319465000001,-99.07471403877682
35.84794906,127.13319387000001,-98.68538874689592
35.84794908833333,127.13319311666667,-97.5244335728455
35.84794899166666,127.13319234666666,-97.68889329719666
35.84794903,127.13319168499999,-97.67009076488756
35.847949005000004,127.13319091,-97.36943450573611
35.84794903833333,127.13319021666666,-96.85918705227773
35.84794903,127.13318951833335,-97.88785803765168
35.847948975,127.13318887166666,-98.57699554210706
35.84794895833333,127.13318817333332,-98.79520196844226
35.847948935,127.13318754666668,-99.30677904669352
35.84794889333333,127.13318681833334,-98.76152426493678
35.84794889666667,127.13318614833334,-98.91842065096095
35.847948816666666,127.13318543833333,-96.96389705839476
35.847948816666666,127.133184715,-96.41257407044544
35.84794872,127.13318410666668,-95.66391000348246
35.847948716666664,127.13318341666667,-95.1007592914485
35.847948628333334,127.13318276833334,-95.7929104235835
35.84794865833333,127.13318218666667,-95.60193639553974
35.84794869166667,127.13318159833334,-95.5771375138009
35.847948728333336,127.13318091166666,-96.28116622717319
35.847948646666666,127.13318031166666,-96.69154245955237
35.84794863166667,127.13317965666666,-96.06875743702956
35.84794864166667,127.133178925,-95.31589136993833
35.847948611666666,127.13317829333333,-95.86752273585692
35.847948566666666,127.13317755499999,-95.86012190452588
35.84794855166667,127.13317681166667,-96.6109284214749
35.84794853333334,127.13317607833332,-96.05024306658679
35.847948474999995,127.13317540166666,-96.41446415343853
35.847948413333334,127.13317463833333,-97.22105167570415
35.847948360000004,127.13317387166666,-97.03872413462538
35.847948376666665,127.13317308333332,-96.66834942459094
35.84794834666666,127.13317232833333,-96.67157420105661
35.84794833833334,127.13317159000002,-96.84146957423108
35.84794831,127.133170745,-96.69017610456729
35.847948321666664,127.13316996,-97.06799820489356
35.847948253333335,127.13316920333334,-97.4487033514054
35.847948235,127.1331684,-98.13836220792123
35.84794818666667,127.13316767666666,-98.19757129719872
35.84794809833333,127.13316691833333,-98.33730291052672
35.84794803166667,127.13316624,-98.92585841457918
35.847947995,127.13316544,-97.80919568930103
35.847947983333334,127.13316471666667,-97.3039540365479
35.84794796333333,127.13316391833332,-96.85371040452478
35.84794786333334,127.13316324166665,-96.12946469720323
35.84794783833333,127.13316248499999,-95.37089057759363
35.84794781166667,127.133161765,-95.93265639689251
35.84794777166667,127.13316099333333,-96.37476067955136
35.847947796666666,127.13316029,-96.37243521429316
35.84794776666667,127.13315961666667,-96.43980297125783
35.84794766666666,127.133158895,-96.03769788813781
35.84794770166666,127.13315819500001,-96.67917854623877
35.84794763833334,127.13315747,-96.64774622212431
35.84794764833334,127.13315672499999,-96.4734829516654
35.84794760333333,127.13315604166668,-96.24741627327491
35.8479476,127.13315533000001,-97.10279620210652
35.84794761333333,127.13315466,-96.69183160199555
35.84794761166667,127.13315400333335,-96.29011094397787
35.84794757666667,127.13315329666666,-97.66686929178242
35.847947495,127.13315268666665,-97.44345822381982
35.84794749333333,127.13315201333334,-98.50250549821685
35.847947483333336,127.13315127333333,-97.47514757739707
35.84794740166667,127.13315053333332,-97.23645772102498
35.84794736166667,127.13314987666666,-97.63857233713128
35.84794724333334,127.13314917833334,-96.64680855974343
35.84794719,127.13314844333333,-97.39886647352937
35.84794716166667,127.13314770166666,-98.98249126800914
35.847947105,127.13314694166665,-98.77956852985002
35.84794709333333,127.13314619500001,-98.55203689147842
35.847947025,127.13314546166666,-99.37336148430082
35.847946934999996,127.13314470499999,-100.17050190133325
35.847946945,127.13314398333333,-99.16285955670695
35.847946926666665,127.13314321000001,-98.99641555925011
35.847946881666665,127.13314248,-99.38104496523533
35.84794684166666,127.13314163166666,-99.43372382882058
35.84794677666666,127.13314082999999,-98.7451108310857
35.84794670666667,127.13314006833335,-99.22336394773555
35.847946675,127.13313932666667,-97.40426372288835
35.84794663,127.13313857333333,-98.33093712658959
35.84794662666666,127.13313781166669,-97.77174201904413
35.84794659,127.13313708166667,-98.09411892251568
35.84794652666667,127.13313627499998,-96.70413711061498
35.847946523333334,127.13313543666666,-96.12279119775101
35.847946445000005,127.133134625,-96.67781041657622
35.84794642,127.133133815,-95.65725877929569
35.847946465,127.13313301166666,-95.80866725398188
35.847946324999995,127.13313224999999,-96.21561197158236
35.84794637833333,127.13313145833332,-95.82881910458235
35.84794633,127.13313070666666,-96.34889080937404
35.847946314999994,127.133129895,-96.97542521660273
35.84794633166667,127.13312921666666,-97.09884951912375
35.84794631166667,127.13312841500002,-96.74863304102588
35.84794624166667,127.13312770166667,-96.56445893828793
35.84794624333333,127.133126975,-95.95845507711584
35.84794623166667,127.13312623666667,-95.61148273417476
35.84794619,127.13312553166666,-95.98589021192763
35.84794616166666,127.13312475333332,-96.16551979672371
35.84794619833334,127.13312410333334,-95.15226011740835
35.847946156666666,127.133123405,-96.44991952818374
35.847946085,127.13312277333334,-96.30134494319648
35.847946064999995,127.133122095,-97.27331153225128
35.84794608833333,127.13312145833333,-97.54230008335789
35.84794604166667,127.13312077333333,-97.72332849535651
35.847946001666664,127.13312015499999,-97.2062035868284
35.847945986666666,127.13311953166667,-97.54267616271432
35.84794599333333,127.133118835,-97.52427098119685
35.84794598333334,127.13311820166668,-97.17245155919886
35.847945966666664,127.13311750666665,-97.18042715793457
35.84794597333334,127.13311680666666,-97.53491335015217
35.84794592833334,127.13311602666666,-97.31227514615907
35.84794591,127.13311534166665,-97.72844845342307
35.847945841666665,127.13311458499999,-96.64814645975646
35.84794579333333,127.13311385833335,-96.81977544383213
35.847945810000006,127.13311317333334,-96.37719404306497
35.84794573166666,127.13311235666667,-95.88227458501561
35.84794568833333,127.13311159499999,-95.8557232502225
35.84794569333334,127.13311085,-95.46943369342372
35.847945620000004,127.13311006,-95.99764273964296
35.847945610000004,127.13310931166667,-96.08120650159768
35.847945575000004,127.13310860166666,-96.43615810489446
35.84794558333333,127.133107865,-96.0469145794508
35.84794554166667,127.13310723333333,-95.85167701577214
35.8479455,127.13310654666665,-96.21328178132624
35.84794549,127.13310589666668,-96.34714987818623
35.84794544666667,127.13310529666666,-95.31025261645416
35.84794544,127.1331047,-96.00131897809219
35.847945376666665,127.13310400833333,-96.4473162938353
35.847945345,127.13310338833335,-96.95185746723605
35.84794531666667,127.13310273666666,-96.27576096673216
35.84794521,127.133102065,-96.44241861450797
35.84794522666667,127.13310141166667,-95.92998428147851
35.84794523,127.13310075666668,-94.76932681615622
35.847945165000006,127.13310003,-93.27427857863073
35.84794518666667,127.13309933500001,-90.87053613827045
35.84794511333334,127.13309863833335,-88.76647534133522
35.847945055,127.13309792666665,-86.13404771969414
35.847945055,127.13309730166665,-84.11743010684485
35.847945044999996,127.13309657666666,-79.24679924030545
35.847945015,127.13309588666668,-76.96123077924146
35.847945071666665,127.13309525999999,-74.01202639948559
35.847945081666666,127.13309452999998,-69.87234643889542
35.84794499833333,127.13309384166665,-65.62172896767471
35.847944999999996,127.13309309166668,-61.9824975153787
35.84794498,127.13309236833332,-58.557215723175325
35.84794494166667,127.13309162833333,-52.32215885581123
35.84794492333333,127.1330909,-48.0683917213107
35.847944905,127.13309015166666,-44.81129933747906
35.84794489833334,127.13308948999999,-40.169526903704806
35.847944846666664,127.13308875666668,-37.085208251148146
35.84794479,127.133088075,-31.96539341997057
35.84794482833333,127.13308739500002,-30.405976826426496
35.84794480166667,127.13308673499999,-28.73578203365914
35.84794476333333,127.13308604999999,-25.704090067381234
35.847944705,127.13308538833334,-25.030078540018067
35.84794469,127.13308469,-24.72826001602009
35.84794459666667,127.133084,-25.398703972091415
35.847944604999995,127.13308341166666,-24.371248704958745
35.847944561666665,127.13308265833332,-25.292113441686723
35.84794454666667,127.13308202333334,-25.74901039583461
35.847944520000006,127.13308137166665,-26.51830564783955
35.84794452833333,127.13308069499999,-25.905319738165087
35.847944473333335,127.13308009166667,-25.672184318532672
35.847944455,127.13307956833333,-26.88053597229917
35.847944463333334,127.13307897166666,-26.611885324173006
35.847944435,127.13307841833333,-26.621893140318548
35.84794441,127.13307789999999,-25.990219453300007
35.84794443333333,127.13307744166666,-25.804611003251683
35.84794440333334,127.133076955,-26.777611688948042
35.84794436,127.13307655833333,-27.267170115855464
35.84794435833333,127.13307616333334,-26.161526459120648
35.84794435333333,127.13307570833334,-26.184139377248655
35.847944301666665,127.13307522833333,-25.991311768444483
35.84794423333334,127.13307478666665,-26.014933843555983
35.847944168333335,127.13307431666665,-25.391855512176882
35.84794402666667,127.13307389666667,-26.122680655550656
35.847943898333334,127.13307343333332,-26.24320667996254
35.84794378,127.13307304666665,-25.453887286364182
35.847943711666666,127.13307272333334,-25.445989648270956
35.84794357333333,127.13307241333332,-26.771897689455763
35.84794357,127.133072175,-26.227919189727995
35.84794354833333,127.13307198666668,-25.60509108647695
35.84794359666667,127.13307187999999,-25.92135472898079
35.847943640000004,127.13307180666668,-25.5922994859955
35.84794377,127.13307173833333,-25.91348775957651
35.84794386333333,127.13307167833334,-25.56915165962239
35.84794401,127.13307164166666,-26.136310841588514
35.84794419666667,127.13307155333332,-26.894749004903215
35.84794449,127.13307148500002,-26.12089031048383
35.84794483666667,127.13307145166667,-25.81170135291651
35.84794524666667,127.13307146166666,-26.075113135308268
35.84794567833333,127.13307143833332,-25.81836119423423
35.84794611833333,127.13307134666665,-25.710531572546717
35.847946568333334,127.13307134999998,-25.431723917033327
35.84794683166667,127.133071335,-26.214713777545548
35.84794693,127.13307134833333,-26.560826330769356
35.84794703666667,127.133071345,-26.31720800077221
35.84794714666667,127.13307136166668,-27.29616543901662
35.8479473,127.13307138,-27.13488972834764
35.847947411666674,127.13307138666666,-26.729016737070115
35.84794748833333,127.13307138666666,-26.81369962952812
35.84794755,127.133071375,-27.022374379938732
35.84794754166667,127.13307136166668,-27.325252719415793
35.84794755833333,127.13307137833333,-25.523032323458676
35.847947553333334,127.13307140166668,-25.910136439064246
35.847947581666666,127.13307138166668,-25.328970745478088
35.847947588333334,127.13307139666668,-26.820620132172298
35.84794755166667,127.13307138,-26.31545763225797
35.847947475,127.13307140166668,-25.231423358820216
35.84794745666667,127.13307141666668,-25.849674727099707
35.847947385,127.13307141833333,-25.69139619523674
35.847947305000005,127.13307140999999,-24.98948041617857
35.847947178333335,127.1330714,-24.211423475099004
35.84794700166666,127.13307139833333,-23.25561256474304
35.84794683166667,127.13307137666668,-24.254383709215872
35.84794672333333,127.133071365,-24.683762069949456
35.847946543333336,127.13307134166668,-24.79885757222017
35.847946324999995,127.13307133666667,-25.506392949741688
35.847946074999996,127.13307136,-25.26055626884583
35.847945805,127.13307134999998,-25.40389741908361
35.847945528333334,127.13307134333333,-26.53611531555172
35.847945255,127.13307134666665,-26.44026261110748
35.84794497833333,127.13307132666665,-26.243400387106437
35.84794478833333,127.13307134,-26.045040210027746
35.84794459333333,127.13307133333335,-25.49945778381276
35.84792699333333,127.13307181833333,-25.624002564145165
35.847926548333334,127.13307178333335,-25.712046930591
35.847926048333335,127.13307183333333,-25.690680559745918
35.847925616666664,127.13307185000001,-25.253499098234954
35.84792523333333,127.13307191666667,-25.77728201761072
35.847924825,127.13307198166667,-24.653538194216242
35.847924335,127.13307198333332,-25.111467728394476
35.84792386833333,127.13307202,-24.57431198656448
35.847923423333334,127.13307207833334,-24.827712122521437
35.84792298333333,127.13307213166667,-25.612016814918274
35.84792253,127.13307217333335,-25.000134324163252
35.847922108333336,127.13307219000002,-25.704508529001213
35.847921664999994,127.13307224,-25.78121550328962
35.84792126,127.13307228999999,-25.408907125178743
35.84792085,127.13307232000001,-26.925737474706303
35.84792047333334,127.13307234,-27.422447610172238
35.84792009333333,127.13307238666667,-27.94806162830311
35.84791974833333,127.13307241166667,-28.07560700716687
35.84791937,127.13307246000001,-28.93259037476457
35.84791898333334,127.13307249833333,-29.41136525336826
35.84791861666667,127.13307252999999,-28.438839351495865
35.847918273333335,127.13307258000002,-27.03688921050019
35.847917885,127.13307264333335,-26.90121283771646
35.84791755333333,127.13307267666666,-25.42585626422093
35.847917198333334,127.13307268499999,-24.93623230738439
35.84791688666667,127.13307269999999,-21.008574861814918
35.847916606666665,127.13307269833334,-19.961796663533065
35.847916348333335,127.13307269500001,-16.533082944489706
35.847916094999995,127.13307271166666,-12.590102822504523
35.84791587166667,127.13307272333334,-8.647637662005671
35.84791562333333,127.13307272666667,-6.876437793904389
35.84791535666667,127.13307271999999,-4.0847091410315075
35.84791507166666,127.13307272333334,-1.193701018987996
35.847914775,127.13307274333334,2.0865673798017994
35.847914505,127.13307272666667,5.647710059952548
35.847914261666666,127.13307272833332,8.639799066116003
35.84791404333334,127.13307273500001,10.98836326795901
35.847913775,127.13307270499999,16.52279524198198
35.84791353,127.13307269500001,19.259246572398123
35.847913250000005,127.13307265999998,22.874449922398316
35.84791302166666,127.13307270499999,24.7430737028518
35.84791285833333,127.13307275000001,28.772996935515007
35.847912683333334,127.133072785,29.034239882538404
35.84791260666667,127.13307280166667,31.84427595276012
35.84791250333333,127.13307283166665,33.71794977840198
35.847912410000006,127.13307287666666,36.55679139385401
35.847912238333336,127.13307288166668,38.83353616826325
35.847912125,127.13307286666668,39.845021893402595
35.847912035,127.13307290833333,40.32992841138984
35.84791194,127.13307297833335,45.06102446663151
35.84791180166667,127.133073095,50.615365172855775
35.84791172333333,127.13307317499999,50.130300658602614
35.84791164833334,127.13307328499998,62.00092600914488
35.847911540000005,127.13307336999999,66.59971599278744
35.84791141666667,127.13307346000002,64.56721363801452
35.847911358333334,127.13307355666666,66.76838396291298
35.847911251666666,127.1330737,66.2861401290585
35.84791118333333,127.13307385333334,63.382550472105386
35.84791108,127.1330741,63.94807406904526
35.84791098,127.13307435999998,63.008460787011124
35.84791089333333,127.13307462333333,62.77838785140438
35.847910793333334,127.13307484333333,63.749160678873494
35.84791071833333,127.13307498666667,62.12104070564625
35.84791062666667,127.13307496500002,63.02041122975061
35.84791021833333,127.133074785,63.18100342107888
35.84790956,127.13307465499999,61.74953867016243
35.84790915833333,127.13307437,62.86559963913643
35.847909083333334,127.13307418166666,62.393069584538885
35.84790910666666,127.13307400500001,64.2888694665377
35.847909058333336,127.13307381666667,64.93070184532718
35.84790907833334,127.13307370666668,63.02119463980692
35.84790904166667,127.13307361999999,63.02119463980692
35.84790904666667,127.13307356499999,61.55233719726811
35.84790903166667,127.13307338833334,59.909345534244174
35.84790906833334,127.13307312166668,62.015289826484064
35.84790907833334,127.13307282166667,63.23687397801486
35.84790909833334,127.13307250000001,62.96457721541778
35.84790904,127.13307220333333,64.4731682513273
35.847909019999996,127.13307195333333,65.27904928824107
35.847909045,127.13307168333334,67.4125124870442
35.84790904333333,127.13307146666666,67.14300091000322
35.84790908,127.13307129666667,69.56690625652124
35.84790910833333,127.13307118166668,66.87095200265793
35.847909101666666,127.13307117666666,65.3263326564718
35.847909103333336,127.13307121166666,64.99932736881536
35.847909101666666,127.13307131000002,62.92635314133998
35.84790908,127.13307150666667,66.16044752157374
35.84790904666667,127.13307169,68.33246769629062
35.847909021666666,127.13307191166665,68.1331642082256
35.84790905166667,127.13307217333335,68.98435088508697
35.84790907166666,127.13307244666666,68.5922201972417
35.847909105,127.13307276833332,67.14152801810984
35.84790908666666,127.13307310666666,68.44940431359657
35.847909093333335,127.13307340166666,67.26117060789055
35.84790907,127.13307366333332,70.43483838783746
35.847909083333334,127.133073865,68.71222180222352
35.8479091,127.13307406500002,69.51828818039293
35.84790909,127.13307427,72.0572949146628
35.84790905166667,127.13307449,71.84298823964714
35.84790906833334,127.13307475000002,71.32930708624508
35.84790903,127.13307508333334,74.78753092717882
35.847909083333334,127.13307547833334,70.51552169499136
35.847909118333334,127.13307591333333,70.7603872297485
35.847909120000004,127.13307635666666,71.32930708624508
35.847909103333336,127.13307691833333,73.23353490743516
35.847909135,127.13307741166666,71.29009220668505
35.847909126666664,127.13307797166665,73.99715837169293
35.84790912166667,127.13307852666667,72.10971735959227
35.84790909833334,127.13307903833332,74.49333806311263
35.84790905,127.13307966166667,73.31252806894351
35.847909064999996,127.13308019166668,73.4185991686321
35.84790911333334,127.133080725,72.03805832171314
35.847909085,127.13308127666666,74.33140123693244
35.84790915833333,127.13308180333334,70.2805494901578
35.847909128333335,127.13308239000001,72.21094575563802
35.84790913,127.13308291833333,70.89029636003785
35.84790922333333,127.13308348166666,69.2357079592105
35.84790919833333,127.13308407999999,70.27141677150172
35.847909228333336,127.13308460333334,69.65753756349773
35.84790924833333,127.13308519499999,70.5052270677904
35.84790930333334,127.133085745,70.07570160487629
35.847909308333335,127.13308632666667,71.025774197832
35.847909279999996,127.13308688999999,72.28942675641096
35.84790932,127.13308744333332,70.76695488629062
35.847909318333336,127.13308797833334,70.59310243830765
35.847909318333336,127.13308852,73.16941844961835
35.84790945666667,127.13308915499998,73.73346783680871
35.847909429999994,127.13308975333332,75.65333680817743
35.847909441666665,127.1330904,77.61273266403049
35.84790949166666,127.13309097333334,75.0975820147703
35.847909521666665,127.13309164166667,76.15638382445348
35.84790946166667,127.13309233,75.58028042635405
35.84790953666666,127.13309300833335,74.28339522962055
35.84790944666667,127.13309369666668,75.45277760174103
35.847909531666666,127.13309437166666,73.52611110799847
35.847909515,127.13309513,72.58303579517877
35.847909556666664,127.13309577666665,72.24616926986401
35.847909565,127.13309644,72.69636481560795
35.847909699999995,127.13309711333335,72.74280890635472
35.84790963666667,127.13309771666667,72.42153294066604
35.84790968833333,127.13309839666665,72.64053181067328
35.84790972166666,127.13309893666668,73.47636887073308
35.84790972,127.13309956166668,71.14970844417448
35.84790974333334,127.13310014833333,70.42022172065215
35.84790977666667,127.13310074166665,69.78535210457288
35.847909795,127.13310134166667,69.05825513886606
35.84790975666667,127.13310195166666,72.29156063640002
35.84790975833334,127.13310248833335,72.1973971639098
35.847909816666665,127.13310297166666,73.37992222871735
35.847909808333334,127.13310351666665,70.59865049283404
35.84790983833333,127.13310402833334,72.22414952050164
35.847909810000004,127.13310465499998,71.71691956010746
35.847909816666665,127.13310516666667,71.17891088105645
35.84790979833333,127.13310566833334,70.32275119356568
35.847909830000006,127.13310618333335,71.69083471001157
35.84790992333333,127.13310666999999,71.47456039458436
35.847909898333334,127.13310716833332,71.27006918373945
35.84790989666667,127.13310765833333,71.75331978872336
35.84790992,127.13310819499999,70.70796981526314
35.847909955,127.133108705,68.69917318754189
35.84791003333333,127.133109295,68.72544152532328
35.84791005833333,127.13310987833331,70.03701805295982
35.84791007166667,127.13311047333333,68.30385677234999
35.847910165,127.13311119666666,68.13542788311935
35.84791022,127.13311172999998,70.54873610275118
35.84791023333333,127.13311237666667,71.810570816014
35.847910221666666,127.13311293666666,72.51152833344153
35.84791034,127.13311354500001,76.40888090082018
35.84791034,127.13311421833332,76.1315770093134
35.84791042166667,127.13311479833334,78.60095379724198
35.84791038,127.13311546499999,76.68201371683978
35.84791042333333,127.133116075,78.23655075185933
35.847910416666664,127.13311671666666,77.31952647736578
35.84791048666667,127.13311735500001,80.28681426298907
35.84791048,127.13311788333334,81.75632311434185
35.84791052166667,127.13311846,79.7161539197695
35.847910595,127.13311895833334,79.19198174291154
35.84791057333334,127.1331195,78.95438895583065
35.847910621666664,127.13312003666667,77.59888445214307
35.847910625000004,127.13312058833331,77.0232432337419
35.847910660000004,127.13312115166667,78.71020008979478
35.847910680000005,127.13312170666669,77.42707184039014
35.847910655,127.13312232166666,78.30614589984933
35.84791072833333,127.13312289833333,77.69806397459784
35.84791075,127.13312352666665,80.16819251686223
35.847910811666665,127.13312403833334,79.16121089277321
35.84791087,127.13312458,80.85032603104587
35.84791084833333,127.13312511333334,82.17050196409693
35.847910866666666,127.133125615,82.84213873896785
35.847910905000006,127.13312611,82.48967222066395
35.847910895000005,127.13312666499999,83.11352998434903
35.84791085833333,127.13312715833332,82.84213873896785
35.84791093666667,127.13312767500001,80.8605670753931
35.84791095166667,127.13312833666666,78.99899349772753
35.84791095333333,127.13312884500002,80.97635336093222
35.84791106,127.13312946166667,79.42590370837843
35.84791104333333,127.13313002499999,79.4020904661818
35.847911081666666,127.13313058500002,80.73431102038558
35.847911038333336,127.13313116333332,81.50234049518589
35.847911045000004,127.13313166666667,82.01917646060991
35.84791105666667,127.1331321,80.02326856366885
35.84791109333333,127.133132555,81.88043735423162
35.84791108666666,127.13313302666666,83.05705854758008
35.84791108666666,127.13313339833333,82.0275825586377
35.84791113000001,127.133133855,79.21152644131783
35.847911106666665,127.13313434333334,79.04978362567324
35.84791114166667,127.13313474833333,76.40949040515045
35.84791121666667,127.13313526166667,77.33179822030138
35.84791119166667,127.1331358,78.05219628622963
35.847911251666666,127.13313630666669,77.75888484852617
35.84791132333333,127.13313683333332,76.09228483513664
35.847911413333335,127.13313734333333,70.76799812347963
35.847911455,127.13313786333335,67.57871698721691
35.847911505,127.13313830666667,63.62424182919628
35.847911573333334,127.13313874833332,61.574966009518135
35.847911583333335,127.13313922333333,62.56065834111095
35.847911595,127.13313966166668,62.06522182123024
35.84791166833334,127.13314004500002,65.77206229135935
35.84791172,127.13314047,65.41727781234707
35.847911751666665,127.13314096666666,63.702794190017215
35.84791182166667,127.133141505,67.61635034602217
35.84791186333334,127.13314193333332,62.682281940082696
35.84791194,127.13314242666665,61.086998724040136
35.847912015,127.13314288333335,61.459605980292814
35.847911995,127.13314334333333,59.901500175928035
35.84791203666667,127.13314380666667,58.10756406851474
35.847912068333336,127.13314425499999,60.701070956390424
35.84791209833334,127.13314468499999,61.79217086269999
35.84791213833333,127.13314514999999,61.85139472411177
35.84791221166667,127.13314561,62.3883963932216
35.847912244999996,127.13314607833333,66.29750217448155
35.847912318333336,127.133146525,65.36313307550085
35.847912355,127.13314706833334,63.695909605087785
35.84791244833333,127.13314760833333,63.07631011127172
35.84791251,127.13314803833333,60.14449466365867
35.847912593333334,127.13314854000001,60.52590838995456
35.847912625000006,127.13314899666666,59.69911744226704
35.847912658333335,127.13314945833332,63.38371348805706
35.84791276,127.13314999333333,62.450906362994786
35.847913739999996,127.13317609666667,62.57350142905853
35.84791368166667,127.13317678,59.77535216170804
35.84791372833333,127.13317731666666,58.95742346210749
35.84791373166667,127.13317791333333,57.36834837695752
35.847913696666666,127.13317853333335,59.68237314860891
35.84791374666667,127.13317910166667,59.99707727901222
35.84791366166667,127.13317978333335,58.40007358931144
35.84791365833333,127.13318036166666,60.5447968340183
35.847913616666666,127.13318097833334,62.79019832665796
35.847913641666665,127.13318154666668,63.9586896310609
35.847913605,127.13318206666666,62.450417987841966
35.84791355,127.13318256166667,64.0170349084342
35.84791353833334,127.13318312833331,64.71656349680111
35.847913534999996,127.13318362166667,67.84619558122004
35.84791351166667,127.13318411666665,68.33526606596799
35.84791347,127.13318464333334,67.66858186897883
35.84791343166667,127.13318518333332,66.98840846404825
35.847913455000004,127.13318579666665,69.63716001268862
35.84791343333333,127.13318635833333,66.03651771185912
35.84791345,127.13318687499999,67.27997117137863
35.84791343333333,127.13318742166666,68.19733420610078
35.847913425,127.13318790500001,68.56278437120092
35.84791345,127.133188425,68.42241332156267
35.84791346833333,127.13318889666668,68.50765681079501
35.84791349499999,127.13318939000001,70.0892767214849
35.84791354166667,127.13318994000001,68.47946982925583
35.847913595,127.13319041999999,69.08139363667952
35.847913575,127.13319092833332,71.2858782637609
35.84791359166666,127.13319142999998,74.31329780897327
35.84791362833334,127.13319191999999,75.13080574655251
35.847913645,127.13319241833332,76.06130847969938
35.84791369166667,127.133192905,72.24938027161477
35.84791368166667,127.13319338333334,73.7608724080079
35.847913675,127.13319392833334,73.14614045060385
35.84791372166667,127.13319441,74.59591307420455
35.84791369833333,127.13319490166666,73.5296024649753
35.84791370166667,127.13319548166668,73.83123394928457
35.847913755,127.13319600833331,73.89281075184608
35.84791376,127.13319655166667,75.41378763665601
35.8479138,127.13319707333333,75.10172266531104
35.847913813333335,127.13319758666667,74.48363288854847
35.847913823333336,127.13319812333333,75.16876288162145
35.84791387333333,127.13319862833332,72.9882092854397
35.847913893333335,127.13319920166666,72.09928736447432
35.847913985,127.13319975666667,71.62613920874449
35.847914015,127.13320029500001,70.87526981013461
35.847914016666664,127.13320085833332,74.78074097343737
35.84791407,127.13320148333332,75.014108185894
35.847914134999996,127.13320208166667,73.14591364140283
35.84791415166667,127.133202695,70.02114872379194
35.847914159999995,127.13320338166668,70.11845011409126
35.84791420166667,127.13320399333334,65.73345912333906
35.847914233333334,127.13320457166668,68.08997456061442
35.84791425833334,127.13320521333331,65.34933531575957
35.847914261666666,127.133205845,66.03824502137789
35.84791439833334,127.13320642666667,64.90417695006002
35.84791439833334,127.13320699333332,66.52383219626553
35.847914374999995,127.13320758666666,66.37558345004878
35.847914455,127.13320823999999,64.80973905697593
35.847914431666666,127.133208775,66.22647974223086
35.847914456666665,127.13320928666666,67.11367803491443
35.847914501666665,127.13320988,65.54649896508434
35.84791450666667,127.13321042999999,64.1118085494157
35.84791457666667,127.13321097833335,64.3528951595664
35.84791458666667,127.13321150666667,65.45998205659734
35.84791462666667,127.13321199666667,66.9017615649237
35.84791461666667,127.133212445,68.94284996447894
35.847914636666665,127.13321292500001,68.45654231964585
35.84791466,127.13321342666669,70.36738231544565
35.847914644999996,127.133213915,70.66123449619892
35.84791463,127.13321442166668,67.50649698780558
35.84791460833333,127.13321494166667,66.83888328843454
35.84791463166666,127.13321541666667,67.1591411906858
35.84791465,127.13321591666666,66.11004963482041
35.84791462666667,127.13321639166666,69.11718946438148
35.847914663333334,127.13321694166667,66.84074462356591
35.847914698333334,127.13321748000001,67.37768649544468
35.84791469,127.13321808166666,69.22654262339438
35.847914735,127.13321869666667,69.14672251577193
35.84791474,127.13321923500001,69.03102380845938
35.84791473,127.133219775,69.118163190641
35.84791478666667,127.13322035833335,67.02454078458267
35.84791478166667,127.13322089833333,69.34401353905245
35.84791477,127.13322147833333,68.36950249583431
35.84791474,127.13322206,66.57569545225293
35.84791478333333,127.13322261,68.77639425694046
35.84791478166667,127.13322312666666,68.6986198539359
35.847914825,127.13322364166667,68.0839836999721
35.84791485833333,127.13322418666667,67.74400277344557
35.84791484666666,127.13322476833333,67.4434310597565
35.84791488333334,127.13322529500002,66.98342916054851
35.84791492333333,127.13322585666668,65.72223915475583
35.84791491833333,127.13322639333335,66.56836181936393
35.84791489333334,127.13322684333335,66.24587094359002
35.84791489,127.13322733166666,65.80386897432012
35.84791493666667,127.13322781500001,66.74032856770445
35.84791493,127.13322822999999,68.34651205097161
35.847914955,127.13322868166667,68.55075641212112
35.847915003333334,127.13322913166667,70.49252820781476
35.84791498166667,127.133229565,69.40604969584456
35.847915066666665,127.13323001333335,67.66027685005436
35.847915076666666,127.13323053833334,68.85260590598652
35.847915074999996,127.13323105833334,67.79678232071512
35.84791507333333,127.13323154833333,65.00360709344305
35.847915093333334,127.13323209333333,66.275896366266
35.84791514333333,127.13323263333332,69.5639087224227
35.84791510666666,127.13323315000001,68.98866862741015
35.84791514166667,127.13323379166668,68.23522855650502
35.84791516,127.13323423333334,70.38551848092352
35.84791519666667,127.13323478,69.91607759699177
35.84791519666667,127.13323529333333,69.95372291488233
35.847915191666665,127.13323576833334,68.32261609870763
35.847915191666665,127.13323637,69.62152850175113
35.84791524833334,127.133236875,68.46608723877824
35.84791525833334,127.133237405,69.11581711244567
35.84791529666666,127.13323784333333,70.8799151921642
35.847915298333334,127.13323842333332,71.60152889497928
35.847915291666666,127.13323894833333,72.6146921382003
35.84791526166667,127.13323940333333,76.20156075174667
35.847915308333334,127.13323990333335,75.53594805920596
35.84791532,127.13324044000001,74.96652994439384
35.847915291666666,127.13324091499999,77.09722637052009
35.84791531,127.13324137,74.7093272010422
35.84791538,127.13324192999998,73.27986441843242
35.84791542333333,127.13324247,72.2089731959817
35.847915398333335,127.13324303166668,70.73802099429949
35.847915433333334,127.13324356666665,71.96273950531635
35.847915455,127.13324413166666,70.75323136544878
35.84791544166667,127.13324462333334,72.2956209442303
35.847915515,127.13324505833334,74.21756778333587
35.847915488333335,127.13324553666668,73.38829576824527
35.84791546833333,127.13324598833333,77.02357283476157
35.84791555,127.13324644666666,76.43578310120346
35.847915576666665,127.13324695333334,76.41095816316351
35.847915560000004,127.13324741,73.60039568686152
35.84791559166667,127.133247885,74.12741119990844
35.84791560666667,127.13324840499999,72.23146957669654
35.84791559666667,127.13324884999999,73.04316686925712
35.84791556333333,127.13324932166667,73.12035952254183
35.847915625000006,127.13324980833335,73.1325061784076
35.847915664999995,127.13325028666668,76.76978395120379
35.84791565,127.13325075666668,72.93331144717655
35.847915631666666,127.13325123499999,75.78339961610648
35.847915654999994,127.133251715,75.10794632542013
35.847915615000005,127.13325212666665,71.66498278706685
35.84791569166667,127.13325255666665,71.63892225515312
35.8479157,127.133253,68.89699640716172
35.847915715,127.13325344666667,68.9087267154111
35.847915728333334,127.13325384666665,71.61375606956257
35.84791571,127.13325426666667,67.73356416317392
35.84791569,127.13325466500001,70.61885829780472
35.847915711666666,127.13325509833334,70.37026474327014
35.84791575,127.13325557166667,68.5512420375485
35.847915755,127.13325609999998,69.95416036192202
35.847915735,127.13325659499999,68.68083405932192
35.84791578833333,127.13325710666668,66.73533988138318
35.847915830000005,127.13325762833334,69.4815580709899
35.84791586166667,127.13325816166667,69.56115666175579
35.84791586166667,127.13325869166668,69.84015423318687
35.847915828333335,127.13325918166666,70.55079715497534
35.847915830000005,127.13325961000001,72.59241235947734
35.84791585,127.13326011,72.9438690274741
35.847915863333334,127.13326069333334,70.6753297685516
35.847915934999996,127.13326122333335,72.15656195593598
35.84791599333333,127.13326176000001,70.80406626305579
35.84791607499999,127.13326231166666,69.78318185194087
35.847916059999996,127.13326288666667,69.8847763036232
35.84791607499999,127.13326339333335,69.58448704601665
35.84791610166667,127.13326392833332,74.24560412092131
35.84791608166667,127.13326442166665,72.81541132868172
35.84791604,127.13326489833335,73.68552921374142
35.84791605833333,127.13326535666666,72.92742085984497
35.847916094999995,127.13326583999999,74.31650829368154
35.847916145,127.13326631666665,75.28423562368347
35.84791611833334,127.13326686666666,76.84418259284412
35.84791618333334,127.13326743666667,76.15016413122389
35.84791621,127.13326799333332,76.90541003688278
35.847916250000004,127.13326858666666,76.98757117157642
35.84791630833333,127.13326911666667,77.20580972431875
35.847916335,127.13326966499999,77.78714562205617
35.847916385,127.13327023666668,73.68860131109118
35.84791640833334,127.13327069999998,75.16014729626397
35.847916395,127.13327125833332,72.35558380834847
35.84791646666667,127.13327181666666,69.78989827419772
35.84791644166667,127.13327229333332,70.21590941922732
35.847916391666665,127.13327294666666,70.05798180754249
35.84791636833334,127.13327351499998,69.37241636922236
35.84791633333334,127.13327405166667,70.96762950173742
35.84791638666666,127.13327460666666,69.78989827419772
35.847916375,127.13327518666668,72.49296726586842
35.84791639,127.13327567,70.50613751596362
35.84791642833333,127.13327615333334,69.09382420754109
35.84791638,127.13327672833333,70.37058173743834
35.84791636166666,127.13327721166667,67.29958607561235
35.84791636333333,127.13327771166665,68.98001651468931
35.84791642166667,127.13327821666665,68.7676772957553
35.84791651166667,127.13327874500001,70.8201189290191
35.84791650499999,127.13327915666666,68.47774901751465
35.84791646833333,127.133279715,70.24508756832995
35.84791655166667,127.13328027499999,71.98521054530394
35.847916561666665,127.13328079166668,69.87743199572334
35.847916661666666,127.13328132500001,71.13660673284807
35.847916685,127.13328182666667,67.35912757886327
35.84791670333333,127.133282315,64.25393900185263
35.847916755,127.13328287333334,66.34210646769829
35.84791677333333,127.13328341166668,63.84884058958539
35.84791674833333,127.13328390500001,66.39629885191118
35.847916785,127.13328448833333,66.60360550870135
35.847916835,127.13328498999999,67.394900132885
35.84791680833334,127.13328553333334,66.3350990798401
35.847916866666665,127.133286085,68.10077024049484
35.8479169,127.13328660333333,68.59756937254005
35.84791691,127.13328708833333,70.26715353211672
35.84791704166666,127.13328757833332,74.53761583399428
35.84791706333333,127.13328804,73.79869470577388
35.84791703166666,127.13328860333334,72.87697733561698
35.847917149999994,127.133289095,73.20017992382257
35.84791719333334,127.13328960166668,74.57152661596567
35.847917241666664,127.13329009666668,72.08746717432064
35.84791732833333,127.13329061833335,72.31783792171706
35.84791735666667,127.13329115166668,70.728476709574
35.84791736166667,127.13329182333334,70.06277024980804
35.84791736333333,127.13329241833331,65.39462484273517
35.847917465,127.133293005,65.75150088808655
35.84791748833333,127.13329364166665,66.85026353208526
35.847917491666664,127.13329424333332,68.84838060469474
35.84791748666667,127.13329484833334,66.84067234905697
35.847917525,127.13329539,67.88731305951713
35.84791748833333,127.13329602333333,68.84838060469474
35.84791750666667,127.13329659166666,67.29701006344939
35.84791755333333,127.13329711,65.88797695266625
35.84791757666667,127.133297715,64.75012353405769
35.84791759166667,127.133298345,64.3390026340323
35.84791760833333,127.13329894666667,65.59937840760058
35.84791769,127.13329954666666,62.65293545711633
35.84791765666667,127.13330009666667,61.42294088235577
35.847917685,127.13330067,62.62404100049017
35.847917685,127.13330121166668,62.183516419992266
35.847917665,127.13330176,61.46572165678868
35.84791767,127.13330235,63.56629626961958
35.84791770333333,127.13330292,61.210533577904236
35.84791899166667,127.13333405333333,61.14034832252252
35.84791903166667,127.13333477166667,59.40508894929694
35.84791910333333,127.13333548666667,62.53948289507126
35.847919094999995,127.13333613166667,62.9546638840059
35.847919123333334,127.13333679166665,64.13889211927956
35.847919098333335,127.133337435,64.54076820243115
35.847919104999995,127.13333804166665,67.16672606023525
35.84791914,127.13333863166666,66.43259379551213
35.84791912833334,127.13333926499999,66.07707688469844
35.84791906666667,127.13333987333333,68.91607480746408
35.84791908,127.13334053666668,69.48821468402932
35.84791907333333,127.13334121333334,70.85605362938558
35.847919203333326,127.13334199333333,69.6944280583568
35.84791919833334,127.13334268499999,71.93999232022009
35.84791925166667,127.13334336999999,71.59794711912916
35.847919274999995,127.13334403166667,73.54198604741651
35.84791935,127.1333446,71.94024876396537
35.84791934166667,127.13334522333335,72.63980958881521
35.847919346666664,127.133345855,73.66580087671716
35.847919395,127.133346465,76.00435251959584
35.847919368333336,127.133347105,73.98546320400223
35.84791944833333,127.13334769833334,78.21115050553779
35.847919524999995,127.13334839833333,80.39066622750117
35.84791955166667,127.13334908166668,78.99161997714576
35.847919606666665,127.13334975666666,75.65080912090932
35.847919688333334,127.13335038666668,76.41880183051806
35.84791970833333,127.13335112499999,75.33823345065734
35.84791977,127.13335164,71.91602554657588
35.84791978,127.13335221000001,69.51330891590777
35.847919825,127.13335279500001,69.01398443775228
35.847919935,127.13335331666667,69.74480851854325
35.84791983833334,127.13335395166665,73.46861186842328
35.847919886666666,127.13335448000001,70.18716953997304
35.84791994,127.13335512,70.37254760689646
35.84792000666666,127.13335577666666,70.60169727448967
35.84792005166666,127.13335649333334,73.95795879071237
35.84792016166667,127.13335716833332,70.2013324792738
35.84792015166667,127.13335785833333,71.9427479999537
35.847920245,127.13335845499999,67.86287182835422
35.84792034,127.13335912833332,69.11628648941947
35.847920349999995,127.13335975166667,67.945967947142
35.847920413333334,127.13336044666667,72.19859706911089
35.84792051666667,127.13336107666667,76.48317654875902
35.847920475,127.133361745,83.51831111176455
35.847920625,127.13336235999999,92.2277436812019
35.847920683333335,127.13336298333334,114.76478424455486
35.84792082,127.13336357666667,128.1160123586316
35.84792079166667,127.13336426,140.8133816750639
35.847920804999994,127.13336494166667,147.92651662406544
35.84792087,127.13336552666667,157.89448956710623
35.847920886666664,127.13336620333332,162.72729021647433
35.847920931666664,127.13336678333332,166.63105732182677
35.84792093666667,127.13336740666666,174.78425930340242
35.847920965,127.13336793833332,176.60812619052194
35.84792096166667,127.13336864833333,-174.53822803160708
35.84792095333333,127.133369215,-171.71418961964713
35.847920853333335,127.13336976166666,-166.79479011992504
35.847920828333336,127.13337029,-162.3105578098927
35.84792081666667,127.13337078499998,-160.32508917450878
35.84792083833334,127.13337137166667,-157.88578026222552
35.84792094666667,127.133371945,-157.52156205154105
35.84792107166666,127.13337243333332,-158.17470558895295
35.84792120833333,127.13337287166665,-158.50726948277267
35.847921385,127.13337325666667,-158.39644516919407
35.8479216,127.133373515,-158.76513346783804
35.847921755,127.13337386166668,-159.1016939621092
35.84792188666667,127.13337422499998,-159.15414706598227
35.847922205,127.13337449333333,-159.21544560007695
35.84792241666666,127.13337477333334,-158.5837856032489
35.84792258666666,127.13337501666668,-159.19106429980766
35.84792279166666,127.13337533999999,-159.59035703264786
35.84792291,127.13337550166668,-159.35187523090545
35.847922905000004,127.13337560333333,-159.18431948682604
35.84792271,127.13337567666667,-160.66422374696552
35.847922455,127.13337580666666,-160.77131003314108
35.84792212333333,127.13337596333334,-161.58855245232758
35.847921825,127.13337594666667,-162.61575704354425
35.847921541666665,127.13337598166666,-163.33350589732896
35.84792129833333,127.13337600000001,-163.7158672202082
35.84792101,127.13337601500001,-162.55503010474004
35.84792067833334,127.13337604333334,-163.28579750668354
35.84792040166667,127.13337607166667,-163.08586748816734
35.847920183333336,127.13337610666667,-163.58535770566888
35.84792000833333,127.13337611666665,-162.96180097204962
35.84791987833333,127.13337613333333,-164.54615960193695
35.84791971666667,127.13337614833333,-163.77988947467068
35.847919524999995,127.13337616166667,-163.7385713568101
35.84791929833333,127.13337617166665,-163.7267501164244
35.847919133333335,127.13337617666666,-164.30510638866593
35.84791915666666,127.133376165,-164.76911138795606
35.84791926333333,127.133376165,-165.25671918782336
35.84791943333333,127.13337614333335,-164.48533946492483
35.847919561666664,127.13337610666667,-165.22445087114806
35.847919618333336,127.13337605833334,-164.15079370626157
35.84791974666667,127.13337602166666,-163.8981922151273
35.847919831666665,127.133375975,-163.95323766653775
35.847920025,127.13337596833335,-165.4485734584879
35.847920261666665,127.13337598499999,-163.90929624380908
35.847920648333336,127.13337604166666,-164.28184611667507
35.84792135833333,127.13337606833332,-164.1066895251307
35.84792172,127.13337607333332,-163.84633570445803
35.84792207833333,127.13337604499999,-164.04695008128172
35.84792246333333,127.13337607333332,-164.18147446164215
35.847922905000004,127.13337606833332,-163.94306368848342
35.847923355,127.13337601166668,-163.73935007455847
35.84792375666667,127.13337600499999,-163.9274860073061
35.847924170000006,127.13337601333333,-163.49623246823865
35.847924553333335,127.13337602333334,-163.11143149072274
35.847924926666664,127.13337602166666,-162.84021088849232
35.84792529833333,127.133376065,-162.37033713695752
35.847925716666666,127.13337607333332,-162.7159281315491
35.84792610333333,127.13337606833332,-164.20382496879867
35.847926495,127.13337609166668,-163.39345630905424
35.84792685833334,127.13337607999999,-163.4018149250525
35.847927301666665,127.13337607500002,-164.2184707376132
35.84792776166667,127.13337608833332,-162.88541661903466
35.847928161666665,127.13337610166667,-161.2079833112101
35.84792856666666,127.13337609166668,-161.51032484642806
35.847928925,127.13337608666667,-161.52702218290324
35.84792933333333,127.13337610666667,-161.21349752338097
35.84792971,127.13337613166665,-162.26060410990365
35.84793008333334,127.13337612166667,-162.63114948804386
35.84793059333333,127.13337610833332,-162.84392159223364
35.847930936666664,127.13337613999998,-162.71707552438116
35.847931345,127.13337614333335,-162.78851624508638
35.847931675000005,127.13337611666665,-161.42475955798488
35.84793214166667,127.13337610166667,-160.73677662422634
35.847932588333336,127.13337611833335,-160.85661643730288
35.84793289833333,127.13337612166667,-160.81312890178512
35.84793329166666,127.13337612666668,-161.35704586110322
35.84793366666667,127.13337604000002,-161.21824060757982
35.84793402333333,127.13337599166668,-161.52804530751106
35.84793434666666,127.13337600833331,-161.90588763981077
35.84793468666667,127.13337602499999,-162.5532145267947
35.84793507333333,127.13337599333333,-162.23209391844534
35.84793554333333,127.13337594000001,-162.23209391844534
35.847935965000005,127.133375935,-161.7069645696506
35.847936375,127.13337590166665,-162.4506017186028
35.84793689666667,127.13337594166666,-162.43257705685338
35.84793745166667,127.13337600166666,-162.17097806573304
35.84793777166667,127.13337600166666,-163.6739854376426
35.84793819666667,127.13337598000001,-162.91216239686736
35.847938685,127.13337599,-162.7974836122705
35.847939061666665,127.13337600166666,-163.821028634906
35.847939385000004,127.13337596000001,-163.97100924587176
35.84793981833333,127.13337591166668,-163.13432790949614
35.84794036666666,127.13337586000002,-164.40153789248083
35.84794082166666,127.13337583666667,-164.23004322142654
35.84794122666666,127.13337579166667,-164.64759614747925
35.847941608333336,127.13337573166667,-162.9786143734817
35.847942083333336,127.13337568333333,-163.49233647211906
35.847942419999995,127.13337568166668,-163.3117436788477
35.84794286166667,127.133375665,-163.62091937854473
35.84794327,127.13337563333334,-164.23980914895682
35.847943719999996,127.13337563166667,-163.2138969005146
35.84794428666667,127.13337562666666,-163.00561790348263
35.84794472333333,127.13337555833331,-163.3558544916643
35.84794522333333,127.13337551333333,-162.82664535684543
35.84794579833333,127.13337544166667,-163.11633540311567
35.84794622333333,127.13337536833333,-163.21808703876738
35.847946881666665,127.13337528833333,-164.35059584355153
35.84794738,127.13337524666667,-164.0358262085589
35.84794793333333,127.13337519833334,-163.70564074763408
35.84794849166666,127.13337517166669,-164.05005656918428
35.84794900666667,127.13337509166668,-163.48439959682267
35.847949480000004,127.13337504333334,-163.43831369167108
35.84794996,127.13337499333332,-163.19860207396223
35.847950501666666,127.13337493833333,-163.77231661107834
35.84795085,127.13337489833333,-163.4545709631654
35.84795128,127.13337487833333,-163.1188312053954
35.84795172,127.13337484833333,-162.47252778742654
35.84795199,127.13337484666665,-163.38558862973335
35.84795228833333,127.13337482666665,-162.76962431535384
35.84795262833334,127.13337479333335,-163.33985054198362
35.84795285333333,127.133374815,-163.76691482259312
35.84795312333333,127.13337478833334,-163.20209907465738
35.847953301666664,127.13337476999999,-163.91704935367233
35.84795332,127.13337484166665,-163.45929272296132
35.847953340000004,127.13337478333332,-163.71520422221386
35.847953385,127.13337479333335,-163.56611184382777
35.84795333666667,127.1333748,-163.78596293329633
35.84795336166667,127.13337478333332,-164.54099430185497
35.847953358333335,127.133374775,-164.04840799241018
35.84795337,127.13337477833332,-163.9225409084592
35.84795335166667,127.13337478500002,-164.58934924962966
35.84795338666667,127.13337477833332,-163.9834629677115
35.84795338,127.13337478333332,-163.00333145155722
35.84795340666667,127.13337474,-163.78563196854137
35.847953413333336,127.13337477166667,-163.4385063581864
35.84795343166666,127.13337476,-163.799938065497
35.84795342666666,127.13337477666667,-164.0847446154076
35.847953446666665,127.13337474666666,-164.2010748366193
35.847953415,127.13337476,-162.96339409180231
35.84795337333333,127.13337476166667,-164.40237624543767
35.84795337,127.13337477833332,-163.25963828902613
35.84795338333333,127.13337476,-163.90102388233942
35.847953435,127.13337475499999,-163.9304071933296
35.84795338833333,127.13337478833334,-163.78497075361528
35.84795336,127.13337478333332,-163.3921515453895
35.84795339,127.133374775,-163.71802539017548
35.84795344,127.13337476833334,-164.36254741812584
35.847953473333334,127.13337475000002,-163.44507585008503
35.84795344166666,127.13337475000002,-163.25939750847203
35.84795339666667,127.13337475499999,-162.73820419521675
35.847953409999995,127.13337475833332,-162.72177243429772
35.847953405,127.13337476833334,-163.21513765409372
35.84795339,127.13337476833334,-163.9824650809514
35.8479534,127.1333748,-163.48176379584882
35.847953385,127.13337481666667,-162.9194703949065
35.84795334666667,127.13337482666665,-163.00406062364058
35.847953368333336,127.13337480999999,-163.18545521344274
35.84795333500001,127.13337481833332,-163.73204491367736
35.84795333,127.13337480999999,-163.66555533021972
35.847953321666665,127.13337482166668,-163.91504778017415
35.84795332,127.13337482166668,-163.7989320449045
35.84795335666667,127.13337482,-162.3903807767578
35.84795331666667,127.13337483166667,-163.58425374617264
35.847953354999994,127.13337482833334,-163.48109587540213
35.847953368333336,127.13337481166667,-163.10080777886904
35.84795337,127.13337481833332,-163.3126996009476
35.847953364999995,127.13337482666665,-164.50084480482144
35.84795335333333,127.13337483,-163.98810868210168
35.84795333500001,127.13337483666668,-163.91602194278096
35.84795338166667,127.13337481333335,-164.14103048785168
35.847953366666665,127.13337480833334,-162.5182065627034
35.84795335666667,127.13337480166668,-163.98064429893904
35.847953364999995,127.1333748,-164.43122726747376
35.847953374999996,127.133374805,-163.5230125206931
35.84795337,127.13337483,-162.62687066930113
35.84795339666667,127.13337483,-163.7639517750084
35.84795335666667,127.13337481833332,-163.1551016529811
35.847953368333336,127.133374805,-164.27836875114644
35.84795338833333,127.13337479666667,-163.66838774993036
35.847953366666665,127.13337477666667,-162.76751546037937
35.84795340166667,127.13337477166667,-163.74541001705018
35.847953403333335,127.133374775,-163.35736897302442
35.847953405,127.13337478,-163.9663706089052
35.847953415,127.13337476999999,-163.84693413582175
35.84795343,127.13337475166666,-163.61529817012067
35.84795346,127.13337473499999,-163.7680133737803
35.847953438333334,127.13337475000002,-164.6221267412026
35.84795345166666,127.13337473666667,-163.3215422749712
35.84795345333334,127.13337474,-163.78912678552948
35.847953448333335,127.13337474666666,-164.25669089032655
35.84795343166666,127.13337474666666,-164.4349938012728
35.847953456666666,127.13337480166668,-162.97274955714403
35.84795346833334,127.13337481666667,-164.11002381346495
35.84795346333333,127.13337480833334,-163.99360856570607
35.84795345,127.13337482,-163.84593604347634
35.84795346833334,127.13337473000001,-163.22715091404447
35.84795345166666,127.13337472333333,-163.33465598756675
35.84795345,127.13337471166666,-164.21435848568026
35.847953455,127.13337472333333,-164.02316552335608
35.847953436666664,127.13337472833334,-163.5561178877773
35.84795345,127.13337474166669,-163.19784245707447
35.84795346166666,127.13337474833334,-164.22878292608394
35.84795347166666,127.13337474,-163.69587215248558
35.84795347666667,127.13337475333334,-163.52563971668326
35.84795346833334,127.13337475166666,-163.38747075547087
35.847953465,127.13337474833334,-163.54680042028963
35.847953475000004,127.13337474666666,-163.82520458493335
35.847953483333335,127.13337473166666,-163.8623423225014
35.84795348833333,127.13337474333333,-163.68098377364527
35.84795348666667,127.13337473166666,-164.05138261758594
35.847953485,127.13337471833331,-163.6085542562289
35.84795348833333,127.13337472666666,-163.6518499998522
35.8479535,127.13337472666666,-163.8248776126044
35.84795349833333,127.13337472666666,-165.14228470831193
35.84795348666667,127.13337472833334,-163.8597016607596
35.84795347666667,127.13337473499999,-164.02951806705568
35.847953473333334,127.13337474166669,-164.5420530170952
35.847953491666665,127.13337473166666,-163.8072786765777
35.84795348833333,127.13337474166669,-163.00046977474494
35.84795346166666,127.13337474,-164.2377831569211
35.84795347,127.13337473166666,-163.56646077061552
35.847953483333335,127.13337473166666,-163.66575460303
35.84795347833334,127.13337472500001,-164.32857319303866
35.847953481666664,127.13337474166669,-163.23563127209619
35.847953475000004,127.13337474666666,-163.95623825330554
35.84795349333333,127.13337473000001,-163.9110481573104
35.847953465,127.13337475166666,-163.04023791515374
35.84795348666667,127.13337473000001,-163.18152284408436
35.847953483333335,127.13337474166669,-162.1773842196202
35.84795348666667,127.13337472833334,-163.69901738723743
35.847953485,127.13337473499999,-163.89634957234668
35.84795346833334,127.13337473499999,-163.62761957070842
35.84795347166666,127.13337472333333,-163.5983635638791
35.84795347166666,127.13337473333334,-164.2928821553324
35.84795347,127.13337473166666,-162.2995141416728
35.84795346166666,127.13337473333334,-163.13713615694346
35.84795347166666,127.13337474333333,-163.39233232900776
35.847953465,127.13337474,-163.8439359520814
35.847953475000004,127.13337473499999,-163.39376968103355
35.84795346666667,127.13337472333333,-163.49869963407767
35.847953483333335,127.13337472500001,-163.80925475544717
35.847953505,127.13337472833334,-164.3924973328077
35.847953465,127.13337473166666,-163.010353171032
35.84795347833334,127.13337472833334,-163.13649532870534
35.84795347666667,127.13337471666667,-163.6154122548754
35.847953465,127.13337472833334,-162.7772165461579
35.84795348,127.13337472500001,-162.81821444023714
35.84795346166666,127.13337472666666,-163.99809763822134
35.847953483333335,127.13337473666667,-162.83288627710002
35.84795349833333,127.13337473333334,-162.94437278589308
35.847953495,127.13337473000001,-163.239632860307
35.84795348666667,127.13337473000001,-163.5591814280051
35.8479535,127.13337473000001,-163.6412488133189
35.847953481666664,127.13337473333334,-164.51428921916124
35.847953483333335,127.13337474333333,-163.35339243383328
35.84795349333333,127.13337473166666,-163.86002609548524
35.847953473333334,127.13337474166669,-164.17335901852368
35.847953501666666,127.13337472166668,-163.7497428654402
35.84795348666667,127.13337472833334,-163.85768317265513
35.84795349666667,127.13337471499999,-163.67867765642256
35.84795348666667,127.13337472166668,-163.23865974082767
35.847953495,127.13337471999999,-163.97598600570808
35.847953483333335,127.13337472166668,-164.07767388594027
35.847953485,127.13337474500001,-163.20497920285464
35.84795348,127.13337473333334,-163.92558513142512
35.84795349,127.13337474833334,-163.5523865574313
35.847953485,127.13337473833332,-162.6042431837062
35.84795349,127.13337473166666,-164.20864887908752
35.84795347833334,127.13337474,-163.13601849357178
35.84795347166666,127.13337473833332,-163.05532648748684
35.84795347666667,127.13337473666667,-164.14310052933658
35.847953481666664,127.13337473666667,-164.091530903211
35.847953458333336,127.13337474833334,-163.74418778828738
35.847953483333335,127.13337473499999,-162.84281383173266
35.84795347833334,127.13337474166669,-163.9457250849238
35.84795346333333,127.13337475666667,-163.10997834287545
35.84795346333333,127.13337474833334,-163.8422744025
35.847953458333336,127.13337474833334,-163.19809288411082
35.847953458333336,127.13337475666667,-162.41205465134703
35.84795347,127.13337476,-163.84692365820447
35.84795348,127.13337474666666,-163.64822504278132
35.847953485,127.13337474833334,-163.6627919625204
35.84795349,127.13337475499999,-163.4287985621496
35.84795349,127.13337474833334,-164.09141114882135
35.847953473333334,127.13337475833332,-163.74353462908897
35.84795346333333,127.13337476833334,-163.19291363836857
35.847953455,127.13337476999999,-163.65767796139443
35.84795346166666,127.13337476,-163.81142766782693
35.847953485,127.13337476166667,-163.7103867337851
35.847953455,127.13337476833334,-163.4520549853069
35.84795345166666,127.13337477333334,-163.97398895603195
35.847953436666664,127.13337476666666,-163.62946920569107
35.847953455,127.13337477666667,-163.32085691882918
35.84795344333334,127.13337476666666,-163.20739915859124
35.847953435,127.13337477166667,-163.44276106226823
35.84795345333334,127.13337476666666,-164.0469965399019
35.847953455,127.13337475499999,-163.03888149294053
35.847953419999996,127.13337476,-162.1937974659235
35.84795345333334,127.13337475833332,-163.67175758048342
35.84795346,127.13337474833334,-163.2175252890154
35.84795341833333,127.13337475666667,-163.65701149211296
35.84795345,127.13337475666667,-163.17791718955363
35.84795345,127.13337475000002,-164.02485428261724
35.84795344166666,127.13337475166666,-163.7909934994673
35.84795346,127.13337474166669,-163.69060587979587
35.847953448333335,127.13337475000002,-164.2741628743249
35.84795347666667,127.13337474500001,-163.90843426732297
35.84795347,127.13337473166666,-164.1700243277948
35.84795347166666,127.13337472666666,-163.93575396673015
35.847953446666665,127.13337473000001,-163.36710317846484
35.84795345,127.13337474333333,-163.5023181399845
35.84795344333334,127.13337473333334,-163.37466353260055
35.84795345,127.13337473833332,-163.03789400693245
35.84795345166666,127.13337473499999,-164.02386972268275
35.84795343166666,127.13337475000002,-163.11471145151054
35.847953456666666,127.13337472666666,-162.855028398419
35.847953458333336,127.13337474166669,-164.0598579588587
35.84795346666667,127.13337473333334,-164.46676561275393
35.84795346833334,127.13337471999999,-163.78999966846914
35.84795347666667,127.13337472333333,-162.96692654894937
35.847953446666665,127.13337474,-164.6486696730832
35.84795346166666,127.13337473166666,-163.4937953036159
35.84795344333334,127.13337474,-164.49577795877332
35.84795345333334,127.13337472333333,-163.07889532608002
35.84795345,127.13337473166666,-163.30413689440215
35.84795346333333,127.13337472333333,-163.30413689440215
35.847953446666665,127.13337473499999,-163.7554020891124
35.84795346666667,127.13337472333333,-164.1328125719737
35.84795345166666,127.13337473499999,-163.8216860990717
35.84795347666667,127.13337471333334,-163.43289967509972
35.84795346666667,127.13337473166666,-163.62200975784367
35.84795347,127.13337471333334,-164.21955064878665
35.847953465,127.13337473000001,-163.41809377436053
35.847953448333335,127.13337471999999,-163.12143167703954
35.84795345166666,127.13337471000001,-163.20082568250848
35.847953475000004,127.13337470833333,-164.1686842130609
35.847953436666664,127.13337473166666,-163.34271042598516
35.847953455,127.13337472166668,-163.8379199227627
35.847953446666665,127.13337472166668,-163.37173209370224
35.84795342666666,127.13337472666666,-163.80842017581728
35.84795343,127.13337469666666,-162.8240897132632
35.847953421666666,127.13337468666666,-163.57441775450386
35.84795341666666,127.13337465666667,-163.75112903158941
35.8479534,127.13337469666666,-163.7999300393049
35.847953385,127.13337468666666,-163.66876961539552
35.847953403333335,127.13337467499998,-163.8228528594612
35.847953376666666,127.13337467499998,-164.4703008544382
35.847953354999994,127.13337466666665,-163.12045317993574
35.847953385,127.13337466333333,-163.02298421792415
35.84795337333333,127.13337467833335,-164.10242325435283
35.84795339166667,127.13337466833333,-163.95604445630693
35.847953435,127.13337466333333,-163.32735563717767
35.847953456666666,127.13337467000001,-164.53985289556516
35.847953436666664,127.13337466166668,-163.90406061497006
35.84795345333334,127.13337467666666,-164.08740470525657
35.84795346333333,127.13337466666665,-164.0580175364805
35.847953435,127.13337468333333,-164.01426809146892
35.847953438333334,127.13337467166666,-163.58577019276316
35.847953436666664,127.13337468666666,-163.5592628971752
35.84795344,127.13337468833333,-163.31161693518757
35.847953421666666,127.13337469000001,-163.302492261119
35.84795339833333,127.13337471666667,-162.97830849908684
35.84795339833333,127.13337471666667,-162.99467735044837
35.84795338,127.13337471833331,-164.52798420616867
35.8479534,127.13337473833332,-164.4252057232152
35.84795342333334,127.13337471833331,-163.605406112915
35.84795343,127.13337473833332,-163.93414074864074
35.84795346,127.13337472666666,-163.0912248434495
35.847953458333336,127.13337471833331,-163.44572084557646
35.84795341666666,127.13337471333334,-163.39461708562487
