35.847957275,127.13337747666668,-128.2502167373039
35.84795726833333,127.13337748833334,-128.81420262414568
35.84795727666666,127.13337750333334,-128.02012508322986
35.84795726,127.13337751333331,-128.06668491900473
35.84795726666667,127.13337752333334,-128.2276720791182
35.84795725,127.13337752333334,-127.45417272887728
35.84795729333334,127.133377535,-128.74425000608247
35.847957308333335,127.13337754166666,-129.16795141966904
35.847957306666665,127.13337756166666,-128.0151719817884
35.847957315,127.13337755333332,-128.3844428456864
35.84795731,127.13337755833332,-127.5467882912336
35.847957295,127.13337754833334,-128.28597761507214
35.847957296666664,127.13337756333334,-130.7548572829416
35.84795730166666,127.13337754666667,-127.72026045366265
35.847957296666664,127.13337759333332,-129.57053731801474
35.84795733,127.13337758499999,-128.29026540336218
35.84795735,127.13337760833335,-127.46970192889027
35.847957306666665,127.13337759,-128.16038740888683
35.847957306666665,127.133377615,-128.00679217839348
35.84795729333334,127.13337767666665,-127.94693073295394
35.847957315,127.133377655,-128.91728428945194
35.84795725,127.13337764333333,-128.9812096251851
35.84795730166666,127.133377635,-128.8607384296934
35.84795724333333,127.13337758833335,-127.16627741608163
35.84795724333333,127.13337760833335,-128.22788139395053
35.847957263333335,127.13337758833335,-127.97797325137927
35.84795726,127.13337758666667,-128.86631396545812
35.847957263333335,127.13337755666667,-127.5047447669022
35.84795727,127.13337757166667,-130.17835659982953
35.84795727833333,127.13337761833333,-127.94035879135885
35.84795725166667,127.13337764499998,-126.85173976733468
35.84795726,127.13337762833335,-129.17855968573036
35.84795729166667,127.13337764499998,-129.6231648725329
35.847957283333336,127.133377675,-128.51584791748698
35.847957263333335,127.13337763666665,-128.4950291760183
35.84795727166667,127.13337763,-128.1612307935883
35.847957273333336,127.13337760333334,-128.78380254215705
35.847957295,127.13337760666667,-128.04661361096584
35.84795726833333,127.13337756333334,-125.54118375698309
35.847957283333336,127.13337757333332,-125.71821314606906
35.84795726166667,127.13337753833333,-126.28939717742008
35.847957275,127.13337753666669,-125.04619375360545
35.847957279999996,127.133377495,-125.10772473974986
35.847957265,127.13337752166666,-127.11668530195794
35.84795727666666,127.13337748500001,-125.4567134538282
35.84795727833333,127.13337744,-124.59907145126145
35.847957279999996,127.13337742666666,-122.63969219984217
35.84795729166667,127.13337733833332,-121.0308915353191
35.84795727666666,127.13337722666665,-121.43765076912173
35.84795728666666,127.13337711500002,-122.73703203188755
35.847957285,127.133377005,-121.31549918032778
35.847957283333336,127.13337690000002,-121.24761628564458
35.847957318333336,127.13337680166666,-121.99494473148012
35.847957325,127.13337673166667,-122.42114067707992
35.847957351666665,127.13337662999999,-121.40854641729051
35.847957318333336,127.13337650999999,-121.41325442262844
35.84795732333334,127.13337630833333,-121.82481507907204
35.84795728833333,127.133376115,-121.94613571328456
35.84795726666667,127.13337588833335,-122.6178143566122
35.847957238333336,127.133375675,-124.7054722391163
35.84795722166667,127.13337546666668,-123.2085697588212
35.84795720499999,127.13337520833332,-122.4096804301665
35.847957191666666,127.13337493166667,-121.63831852862445
35.84795714833333,127.13337458833333,-122.26962123138932
35.84795709666666,127.13337428999999,-123.09705760366737
35.84795707333333,127.13337392166667,-124.1676115268066
35.84795703166667,127.13337359666666,-123.23035160682521
35.84795701166667,127.13337323833333,-124.64354322710295
35.84795699833333,127.13337282833332,-123.33354719721108
35.84795693833333,127.13337243833332,-123.28499309622187
35.847956895,127.13337209666666,-125.20280631544945
35.84795686333334,127.13337165333333,-124.69054770203523
35.847956855,127.13337128166668,-125.82822226946263
35.847956823333334,127.13337085166668,-126.65308643124195
35.84795676,127.13337032833333,-127.03091684443663
35.847956690000004,127.13336984666667,-126.54329658049281
35.84795663,127.13336934333331,-123.69388392985564
35.847956655,127.13336888666666,-124.87965946901751
35.847956589999995,127.13336845,-126.05913070301351
35.84795652333333,127.13336800166665,-125.1168500565342
35.84795649833333,127.13336742000001,-124.41857983532378
35.84795644166666,127.13336696500001,-125.64597193063197
35.847956395,127.13336641333332,-124.90097111247866
35.847956321666665,127.13336588166666,-125.70426867194176
35.847956295,127.13336536666665,-124.84817259640027
35.847956243333336,127.13336479,-125.70752048763767
35.847956163333336,127.13336425000001,-124.98775786650607
35.847956126666666,127.13336369666668,-124.69432073382828
35.84795607833333,127.13336312166666,-123.69929214481826
35.847956065,127.13336257833335,-122.87347817008757
35.847956018333335,127.13336202666666,-122.6355080342069
35.84795601,127.13336139500001,-124.77621002169046
35.847956025,127.13336077999999,-124.1507276199122
35.847955993333336,127.13336016666666,-124.81710216465292
35.847955938333335,127.13335961,-123.36148339885669
35.847955895000005,127.13335896333335,-125.03078079243154
35.84795584166667,127.13335836,-124.29178970948084
35.84795576166667,127.13335778666666,-123.23159404261594
35.84795571833333,127.133357215,-121.13695545874045
35.84795572166667,127.13335659333333,-119.37140172762747
35.84795569333333,127.13335602999999,-120.42817737147335
35.847955651666666,127.13335546166667,-119.82850230410895
35.84795559166666,127.13335479833334,-118.47469125017636
35.84795560166666,127.13335425666668,-119.5012572906754
35.84795558166666,127.13335375166668,-120.70165901536828
35.84795557333334,127.13335319833335,-119.6781429799296
35.84795558333334,127.13335258999999,-120.21199947917655
35.847955563333336,127.13335188666666,-122.14911968531842
35.84795552833334,127.13335120333335,-121.51750186377116
35.84795547333333,127.13335060333333,-121.65630590676979
35.84795540333334,127.13334994833333,-122.10147505697103
35.84795532666667,127.13334925833333,-119.63649955998804
35.847955305,127.13334862666667,-120.6028036258144
35.84795527166667,127.13334788333334,-122.06050761705953
35.847955285,127.13334721166666,-124.01656825875384
35.847955256666665,127.13334655666668,-124.41700230275659
35.84795521833333,127.13334587833333,-124.91194533800207
35.84795522333333,127.13334522166666,-126.58167368207188
35.847955256666665,127.133344525,-126.48194158060757
35.847955230000004,127.133343925,-126.27724782174539
35.84795515,127.13334323333332,-128.41732702516205
35.847955135,127.133342585,-125.99952579730898
35.84795512833333,127.13334194333332,-124.84186595984781
35.84795508166667,127.13334117666666,-122.54704559059287
35.84795504666667,127.13334056333333,-122.65609171501943
35.847954943333335,127.13333980833335,-123.61730816342083
35.84795490333333,127.13333914166667,-124.30806185877404
35.8479549,127.13333848833332,-126.83162588747079
35.847954849999994,127.13333773666666,-127.03372519358096
35.84795479833333,127.13333707833333,-128.07892777922552
35.84795475166666,127.13333630833334,-126.68915793773581
35.847954705,127.13333563666666,-127.42256702001382
35.84795466,127.13333495666666,-126.26946999153415
35.84795456166667,127.13333422166667,-125.81811216884695
35.847954548333334,127.13333357166667,-124.02357877830495
35.84795451666666,127.13333294833335,-121.3561307553691
35.84795449166666,127.13333230833332,-120.27421363004571
35.847954468333334,127.13333167,-117.37923101728501
35.847954443333336,127.13333108666666,-118.39670131143599
35.84795440166667,127.13333047500001,-116.92926269817441
35.847954351666665,127.13332986666667,-116.49525273396954
35.847954335000004,127.13332933000001,-114.91257656509728
35.84795434833333,127.13332880166666,-113.48774862651686
35.84795434833333,127.13332817833334,-114.60805550739815
35.847954341666664,127.13332763666668,-112.00756300046056
35.847954343333335,127.13332712833332,-113.88448568834183
35.847954308333335,127.13332667499999,-112.52051943723205
35.84795432166666,127.13332620666667,-115.50730163517599
35.847954305,127.13332567666666,-116.16651439842728
35.84795428666666,127.13332505166666,-117.87769653964615
35.847954255,127.13332455166668,-118.18847539289975
35.847954236666666,127.133323925,-121.07603163901118
35.84795421,127.13332339499999,-122.22962345543499
35.847954171666665,127.13332281,-124.98787834837137
35.84795417,127.13332231000001,-125.66723068453405
35.847954218333335,127.13332172666667,-125.59675895235662
35.84795428333334,127.13332118499999,-124.31604601808229
35.84795424166667,127.13332053666666,-124.9587238937764
35.84795424166667,127.13331996999999,-124.94806133822597
35.84795429333334,127.13331940666667,-123.65418303495782
35.847954351666665,127.13331886833333,-124.76410867982092
35.847954306666665,127.13331823833332,-125.126358501784
35.84795432,127.13331772833332,-125.27187941187636
35.84795431166666,127.133317185,-126.99302294103863
35.84795428166667,127.13331659333335,-127.64860270516762
35.84795422,127.13331595333332,-127.44308223678821
35.84795419,127.13331527166665,-127.17590688873379
35.84795417,127.13331462833334,-125.97463172774975
35.847954126666664,127.13331397333334,-126.47685560937931
35.84795406833334,127.133313335,-126.60711149499055
35.84795400666667,127.13331265166669,-126.07885464679703
35.84795395166667,127.133311945,-127.08542188843133
35.84795392666667,127.13331126166668,-126.22038693540796
35.847953798333336,127.13331054999999,-125.02649783855156
35.84795378333333,127.13330993166667,-124.93857136488334
35.847953673333336,127.13330924833332,-126.21572733546607
35.84795355000001,127.13330857166666,-127.4089547277505
35.847953436666664,127.13330784833333,-125.44914328258331
35.84795338666667,127.13330716,-124.52881155386731
35.84795333,127.13330647166667,-124.41230636296977
35.84795325333334,127.13330576166666,-123.18773212795146
35.84795319333333,127.13330504666668,-123.9418974970887
35.847953153333336,127.13330441000001,-122.67779012310984
35.84795310833333,127.13330371666667,-121.1973643703944
35.84795312333333,127.13330299833333,-121.39491156557433
35.84795310833333,127.13330233500001,-123.61631476353816
35.84795301,127.13330173333334,-124.69974455026731
35.84795301333334,127.13330146499999,-125.79376184768563
35.84795297166667,127.13330110166667,-126.65895593787967
35.84795295333333,127.13330067166667,-128.36786838173788
35.84795302,127.13330010833333,-127.479895744799
35.847953018333335,127.13329955166667,-128.19910656358164
35.84795312666667,127.133298965,-129.47012792799075
35.847953143333335,127.13329846333333,-130.62972605542836
35.84795313666667,127.13329777166668,-130.8313753954071
35.84795317166667,127.13329714166666,-126.98775513779655
35.84795319166667,127.13329649999999,-127.29989574827128
35.84795306333333,127.13329596833334,-127.74777250450214
35.84795309166667,127.13329540833332,-127.39799436269341
35.847953106666665,127.13329489166667,-125.1239668091927
35.847953115,127.13329440666666,-127.72544743482705
35.84795304833334,127.133293875,-126.49476872059282
35.84795289,127.13329335499999,-126.89597555558834
35.847952828333334,127.13329280666667,-127.08169201746263
35.84795282333334,127.13329223999999,-129.1408907432369
35.847952758333335,127.13329166833334,-129.045259401334
35.84795271166667,127.13329106166665,-130.74185163684805
35.847952675,127.13329044333335,-130.32635823632006
35.84795266833333,127.13328987666667,-128.68901949036083
35.84795260166666,127.13328931,-127.3183603720938
35.84795258166666,127.13328871833333,-126.30772491603663
35.84795257166666,127.13328805833335,-125.40425096542447
35.84795257,127.133287415,-123.62340313989013
35.847952588333335,127.13328684499999,-126.53410368377756
35.84795258,127.13328614833333,-123.83150025303264
35.84795254666667,127.13328553666666,-124.88112357454939
35.84795255833333,127.13328488166665,-123.7170090907743
35.84795252666667,127.13328423333333,-124.85125476395567
35.84795244166666,127.13328364333331,-124.04087268517888
35.84795239333334,127.13328296166668,-123.66570458728064
35.847952355,127.13328234666666,-123.64277809233678
35.84795234333333,127.13328172000001,-124.21664619237735
35.84795228666667,127.13328107666666,-125.34819783073588
35.84795226166667,127.13328048166667,-125.3450395585976
35.847952193333334,127.13327982833334,-127.52506562360587
35.84795217166666,127.13327923,-126.18629535359065
35.847952145,127.13327857499999,-125.74177825918242
35.84795211166667,127.133277935,-125.35682823118934
35.84795204666667,127.13327731333332,-124.41155192088166
35.847952005,127.13327665166668,-123.52812666009186
35.84795196,127.13327608833333,-124.76484736237302
35.84795197166667,127.13327542333333,-126.6069944803556
35.84795199166667,127.13327486166666,-124.47835539869732
35.847952021666664,127.13327421000001,-125.2809721048006
35.84795207333333,127.13327358833334,-125.16079613673168
35.847952055,127.13327293166667,-126.78520335034611
35.84795208833334,127.13327232000002,-127.07364781556537
35.84795211,127.13327166666667,-129.0655243776322
35.8479521,127.13327106999999,-128.98118983366626
35.84795209,127.13327050166666,-128.76257855518142
35.84795205,127.13326982666668,-128.55570348637238
35.84795200666667,127.13326919000001,-125.57162141042286
35.84795199166667,127.13326849333335,-125.51656582256592
35.84795194666666,127.13326777666667,-123.70284803080042
35.847951933333334,127.13326704499998,-122.62756560082606
35.847951888333334,127.133266315,-124.08050726854984
35.847951925,127.13326570833333,-124.37296084308309
35.84795196,127.13326492,-124.32004025242654
35.84795204833333,127.133264165,-123.287880046306
35.84795204666667,127.13326341333335,-121.44371900795522
35.84795195833333,127.13326267833332,-121.67191788288072
35.84795195666666,127.13326191333333,-121.15053840381664
35.84795191,127.13326108999999,-122.74103343382589
35.84795191,127.13326030833332,-119.49529424479431
35.847951888333334,127.13325946166667,-120.40657054982859
35.84795184,127.133258655,-123.85648425745445
35.84795181833333,127.13325791166666,-125.57939402001983
35.847951753333334,127.13325711166665,-125.29682097644887
35.84795168666667,127.13325634166668,-128.4585817406211
35.84795168,127.133255615,-127.11414038471581
35.84795160333333,127.13325486333333,-128.200395361344
35.84795159666667,127.13325407833332,-125.9344596962169
35.847951548333334,127.13325345,-125.80839130551438
35.84795156166667,127.13325273999999,-127.46490807074949
35.84795152,127.13325200833333,-127.86468639426339
35.847951468333335,127.13325132333333,-129.73754605654352
35.847951429999995,127.13325052166668,-127.14021568033357
35.84795135333333,127.13324981,-128.26365286949024
35.84795130333334,127.13324909500001,-128.46480788925862
35.847951214999995,127.13324839,-128.6869610976059
35.847951245,127.13324760166667,-127.94355952839268
35.847951218333336,127.13324687333333,-128.43631225665942
35.847951235,127.13324616333333,-126.59997817039489
35.84795118,127.13324552500002,-127.38504910773158
35.8479497,127.13320957166667,-125.97337436020818
35.84794966166667,127.13320886666666,-125.593804902601
35.847949605000004,127.13320813,-124.24017345110676
35.84794957,127.13320733166665,-125.85974387225507
35.84794959333333,127.13320656333332,-125.6349060449529
35.847949586666665,127.13320576,-127.77039741574008
35.847949543333335,127.13320497666668,-128.2653342065385
35.84794950166667,127.13320418166668,-125.76190707870217
35.847949408333335,127.13320339333335,-127.67782341241588
35.84794933666667,127.13320254833334,-129.3458633406646
35.847949365,127.13320177666668,-127.7128586852217
35.84794930666667,127.13320100000001,-127.69872253448494
35.84794926166667,127.13320025333333,-129.58646353325855
35.84794922166667,127.13319946833332,-130.79530075376684
35.847949193333335,127.13319867833334,-132.2105931497237
35.847949183333334,127.13319787999998,-131.3198006775842
35.8479491,127.13319709666666,-131.913654126779
35.847949011666664,127.13319627166666,-131.2452810599444
35.84794898333334,127.13319548333332,-130.94941583224815
35.84794899166666,127.13319470833333,-128.4904565532334
35.847948943333336,127.13319394,-129.15542969287608
35.84794891166667,127.13319321166666,-128.13706674545733
35.84794891166667,127.13319247833333,-128.7624689580137
35.847948843333334,127.13319178166667,-128.89822639004774
35.847948815,127.13319107500001,-130.28111666412704
35.847948816666666,127.13319033499998,-129.6969833971306
35.84794881833333,127.13318962833334,-130.44632816132219
35.84794874166666,127.13318887833333,-132.04784498778344
35.84794874666667,127.13318822333333,-129.7084481823742
35.847948679999995,127.13318749833334,-131.98068761287743
35.847948644999995,127.13318681500002,-131.77522857743537
35.847948615,127.13318611833334,-128.25935435970734
35.84794857833333,127.13318537333335,-128.11259204649323
35.847948581666664,127.13318463666668,-126.23802082139775
35.847948575000004,127.13318400166666,-128.1826982724515
35.84794855166667,127.13318323833333,-126.7410293922072
35.84794852,127.13318261833335,-126.63950844840898
35.847948538333334,127.13318194666665,-123.95660011941644
35.84794853166667,127.13318124000001,-123.49960327539635
35.84794857833333,127.13318042833335,-125.43043353997838
35.847948545,127.13317974000002,-123.06711734599399
35.847948521666666,127.13317895,-125.12751019508949
35.847948503333335,127.13317820333332,-124.89336897028441
35.84794845166667,127.13317743166665,-126.37557037616875
35.84794842666667,127.13317664333333,-126.06508968856285
35.84794836166667,127.13317585666667,-125.12836048423658
35.84794835333333,127.13317512166668,-127.4339702654745
35.847948296666665,127.13317438833334,-128.09544833645316
35.84794829166666,127.13317367833334,-127.67409957561487
35.84794822833333,127.13317299666666,-125.63573531243767
35.847948208333335,127.13317227499998,-127.35093669981401
35.847948175000006,127.13317150333333,-127.9323561898378
35.847948125,127.1331708,-129.15710296157712
35.84794808,127.13317004666666,-129.2896763344081
35.847948048333336,127.13316945333332,-130.1263152681194
35.847947991666665,127.13316879500002,-129.34714306329525
35.847947905,127.13316814333332,-128.95669718523877
35.84794784666666,127.13316743666668,-127.76117629682307
35.847947815,127.13316674666666,-128.12846062915585
35.847947765,127.133165995,-127.30346892746526
35.84794772,127.13316531166666,-129.01576989333518
35.84794771333333,127.13316461999999,-128.8508167091621
35.84794765,127.13316389666667,-129.21480575909024
35.847947626666674,127.13316316333334,-129.6498181383176
35.847947618333336,127.13316246499998,-130.32263886019663
35.847947588333334,127.13316172000002,-130.53730720352522
35.847947571666666,127.13316099000001,-126.25884315658564
35.847947500000004,127.13316037499999,-128.33814881431334
35.84794748666666,127.13315970000001,-123.55098780414237
35.847947438333335,127.13315902166666,-122.88126020689059
35.847947428333335,127.13315835,-121.52906574531718
35.847947405,127.13315763333334,-123.88703320958525
35.84794740166667,127.13315701833332,-125.73001836283777
35.84794735166667,127.13315638500002,-124.16732773276433
35.84794733166667,127.13315568499999,-126.47680783789095
35.84794728166666,127.13315502666667,-125.83217612028422
35.84794727833333,127.13315434166667,-128.6249819928504
35.84794722666666,127.13315355000002,-127.21013658537134
35.84794721666666,127.13315284999999,-127.74356481485695
35.84794719333333,127.13315210666666,-129.20286192933665
35.84794712,127.133151445,-128.91678524015865
35.847947151666666,127.13315069999999,-130.21777294107045
35.847947100000006,127.13315008166667,-130.6752519235781
35.84794716666667,127.13314939333334,-130.36137945965953
35.847947129999994,127.1331487,-130.4777988618836
35.84794711833333,127.13314794499999,-131.9504613871834
35.84794712833333,127.13314742333333,-132.44663536090258
35.84794719166667,127.13314674833333,-130.79607662991202
35.847947100000006,127.13314610333333,-130.80686547736047
35.84794712833333,127.13314547166668,-130.7287799880416
35.847947043333335,127.13314482833333,-129.42574825829328
35.847946953333334,127.13314409833335,-129.68586794294427
35.847946905,127.13314343166667,-128.84021124659301
35.84794688333333,127.133142715,-127.04013606455273
35.84794682166667,127.13314203,-130.0871479183355
35.84794675333333,127.13314127666666,-130.7903205629806
35.84794676333333,127.13314064166667,-130.0393309370702
35.84794669666667,127.13314000833334,-130.65804342829566
35.847946650000004,127.13313935166667,-134.75961434398926
35.84794661833334,127.13313874333335,-135.74083465189625
35.84794654666667,127.13313807833335,-134.22462664628893
35.84794655166667,127.13313741166667,-133.65118959108594
35.847946566666664,127.13313684166665,-130.73092533547393
35.847946470000004,127.13313616333335,-130.47394036114883
35.84794643333333,127.13313547499999,-129.528206119625
35.847946408333335,127.13313484,-126.72732980424766
35.84794639166667,127.13313419833334,-127.26738911771899
35.847946416666666,127.13313352833332,-127.59310341783052
35.84794642833333,127.13313287666666,-125.94490653518245
35.847946405,127.13313226166669,-127.49148845255291
35.847946405,127.13313169166668,-126.4812050943808
35.847946385,127.13313111500001,-127.55766933498747
35.847946388333334,127.13313054666666,-125.78857066848288
35.847946385,127.13312992166667,-125.63141287710775
35.847946363333335,127.13312930666667,-125.31527478875095
35.847946289999996,127.133128685,-126.52891795760057
35.847946273333335,127.13312805333335,-125.55799382750804
35.84794624166667,127.13312738,-126.23287389262623
35.847946165,127.13312679999999,-129.06549564417625
35.84794615333333,127.13312614833333,-129.39830344151918
35.84794609833333,127.13312554333334,-128.2091530272616
35.84794603333333,127.13312485,-128.5040201556103
35.847945976666665,127.13312421,-129.9991881097206
35.84794597333334,127.13312360833334,-126.00127787074894
35.847945985,127.13312302499999,-127.4535465732672
35.84794595,127.13312244333335,-124.50350970693054
35.847945945,127.13312193499999,-126.06619342565814
35.847945955,127.13312114833334,-123.32661885109674
35.847945975,127.13312048833335,-123.92141286641018
35.84794598166666,127.13311977833334,-122.36915426552126
35.84794599833333,127.13311909333333,-122.2744529985473
35.847945955,127.13311857,-123.20771657110798
35.84794589,127.13311785333332,-123.74712417203973
35.84794583,127.13311722833332,-125.78894844498222
35.84794583666667,127.13311657000001,-125.6199336902722
35.847945843333335,127.13311591166666,-124.71180236040446
35.84794579166667,127.13311524999999,-123.44372520824713
35.84794579833333,127.13311461833334,-124.45740317651112
35.847945728333336,127.13311397500001,-124.7692041541219
35.84794574,127.13311340999999,-125.59796559291249
35.847945695,127.13311282333333,-127.1141137165235
35.84794563166667,127.13311210666667,-126.1877357672912
35.84794566833333,127.13311154333333,-126.04379641076436
35.84794560333333,127.13311092500001,-125.86647450252353
35.847945538333335,127.13311022666667,-126.3067759550467
35.84794548666667,127.13310961,-125.160593322899
35.84794546166667,127.13310896833333,-124.53947594118101
35.847945386666666,127.13310830333333,-123.78525549871833
35.847945355,127.13310765833333,-126.08708672564997
35.84794534666666,127.13310699333333,-125.77914637493014
35.847945335,127.13310637166666,-126.67395136781052
35.847945323333334,127.13310574999998,-126.2448226508116
35.84794530666667,127.13310517833334,-128.57346103553743
35.847945276666664,127.13310462333332,-127.92293054469754
35.84794527,127.13310401833333,-128.50311921733498
35.84794526833333,127.13310337666665,-128.14670440016656
35.84794528333334,127.13310275833334,-127.1332377321298
35.84794522833333,127.13310206333333,-124.55199320853684
35.847945216666666,127.13310133000002,-126.22129024515802
35.84794516666667,127.133100675,-127.20976621913199
35.847945128333336,127.13309999500001,-126.00060733358244
35.847945038333336,127.13309933166666,-125.2911375395967
35.84794504166667,127.13309862333332,-125.21670336797773
35.847944905,127.13309785666667,-125.16666212282102
35.84794485333334,127.13309716500001,-125.15871309937252
35.847944795,127.13309646,-123.93470813963711
35.847944768333335,127.13309574166666,-124.53770631966557
35.84794470666667,127.13309506166667,-123.11252190445596
35.84794471166666,127.13309435166666,-122.20774667323066
35.84794465,127.13309367333335,-117.29345043286206
35.84794466666666,127.13309296333334,-114.17083892811192
35.84794462166667,127.13309224499999,-109.18750429504448
35.84794460166667,127.13309156166666,-106.03340071023047
35.84794454166667,127.13309089833335,-101.16372050817152
35.84794454,127.13309023166667,-94.69193627989885
35.84794457333333,127.13308955833332,-89.09596216873665
35.84794454166667,127.13308884333334,-77.69067407521591
35.84794456833333,127.13308822333332,-68.1260853913969
35.84794450833333,127.13308758500001,-62.279681225329455
35.847944506666664,127.13308684999998,-53.52315867575365
35.847944520000006,127.133086175,-45.32979914510787
35.847944500000004,127.13308548000002,-39.65054859545509
35.84794447666666,127.13308472666668,-32.323730337501246
35.84794446,127.13308406333333,-27.96195100703297
35.847944383333335,127.13308335666667,-19.59631803935577
35.847944336666664,127.13308265833332,-13.437591081612267
35.84794433333333,127.13308191,-10.395333725070357
35.84794431333333,127.13308121166668,-6.544137461029006
35.84794431666667,127.13308051333334,-4.798862713464967
35.84794434166667,127.1330799,-3.9892994238901625
35.84794431666667,127.13307924500002,-3.886058046045152
35.84794431333333,127.13307865333333,-4.182988895282309
35.84794431333333,127.13307810500001,-2.575347759610135
35.84794428666667,127.13307755833333,-3.8713294157426428
35.84794429333333,127.13307704666667,-3.775011197948383
35.847944265,127.13307660333334,-4.5669197874949505
35.847944266666666,127.13307613500001,-4.08492232980534
35.84794427166666,127.13307574166666,-4.731349079893368
35.847944265,127.13307546166668,-6.073574272135563
35.847944245,127.13307525666666,-3.392663650291656
35.847944268333336,127.133075135,-3.245363867326204
35.847944265,127.13307496333333,-4.8278691490797225
35.84794427166666,127.133074805,-6.60697867601627
35.84794429333333,127.13307464666666,-8.917914032941637
35.847944311666666,127.13307453,-8.023264707084898
35.84794429666667,127.13307444833332,-9.898271312512266
35.847944330000004,127.13307441,-9.906913605527725
35.84794435,127.13307429833334,-8.934593319633182
35.847944348333336,127.13307413666668,-8.450867766459872
35.847944354999996,127.133073915,-6.85960442576133
35.847944335,127.13307366,-5.039729746554354
35.847944335,127.13307339666666,-4.133829137266982
35.84794434166667,127.13307318833334,-3.4304933383436516
35.847944373333334,127.13307308333333,-1.956980128303327
35.84794442,127.13307299499999,-1.8610737833400062
35.847944520000006,127.13307291166666,-2.2187151370548346
35.84794460666667,127.13307278166667,-2.0386024976736294
35.84794467333334,127.13307269500001,-2.8321494561184006
35.84794472333333,127.133072585,-1.1837273895376044
35.847944805,127.13307254333334,-2.372586648604222
35.84794488666667,127.13307248166666,-1.7146254730392951
35.847944965,127.133072355,-3.2641464070743496
35.84794505833334,127.13307226666666,-2.434644055293297
35.847945125,127.13307218833333,-2.0239174135255826
35.84794531,127.13307209000001,-1.8556493443140085
35.84794558,127.13307190833332,-4.09258288489762
35.847945708333334,127.13307178833333,-2.4384170241071903
35.84794578833333,127.133071775,-2.6124018239732827
35.847945884999994,127.13307173333332,-2.5601993075986442
35.847946001666664,127.133071725,-1.3276100535715696
35.847946173333334,127.13307175833333,-1.1092177163674037
35.847946343333334,127.133071775,-0.867905058821605
35.847946595,127.13307179166668,0.9749033495334268
35.847946795,127.13307173833333,0.03725039045696173
35.847946998333335,127.13307171833334,0.8272119629169239
35.84794711833333,127.13307168666667,0.25424786407629923
35.84794736333333,127.133071755,0.02847342727321667
35.847947575,127.13307177999998,0.8272048525235007
35.84794760166667,127.13307180166666,1.0680570588168925
35.84794763,127.13307178833333,2.4187990759167675
35.84794750333333,127.133071765,0.9887639673959511
35.847947301666665,127.133071725,3.7076100077722716
35.847947096666665,127.13307173166667,2.107041324327571
35.84794680833333,127.13307171,0.7389326210862628
35.84794647166667,127.13307174000002,0.018597254400293778
35.84794620833333,127.13307172166667,-1.0985915528541526
35.847945985,127.13307169666665,-0.4843998742747932
35.847945755,127.13307171833334,-1.1491339676569938
35.847945495,127.13307176000002,-1.0833427889123897
35.847945249999995,127.13307175666665,-2.904222219309927
35.847945005,127.13307172333334,-0.22683625519871742
35.847944768333335,127.13307170499999,-1.674926937737299
35.84794443,127.13307162999999,-0.42448852567736134
35.84794410666667,127.13307155333332,-0.6227054747754635
35.847943855000004,127.133071535,-0.9150623572786529
35.84792705833333,127.13307166833334,-1.4422178096104872
35.847926615,127.13307166999999,0.8660693920762631
35.84792618166667,127.13307166333334,-0.2291512732713334
35.847925735,127.13307169833334,0.5815316873440604
35.84792531166667,127.13307171333332,1.6563663995917774
35.84792485333333,127.13307175,2.0990089666496847
35.84792439666667,127.13307177166668,-0.9223879106271883
35.84792396,127.13307177166668,1.2841821604003338
35.84792349166666,127.13307177666665,1.104020008230949
35.847923091666665,127.13307182333334,3.0616985700936468
35.847922714999996,127.13307182666668,2.7645301456130746
35.847922276666665,127.13307187333334,1.2325810705978353
35.84792190833333,127.13307187833334,1.1515325697391168
35.847921541666665,127.13307191999999,1.613687297655886
35.847921195000005,127.13307197333333,2.901855277024587
35.847920781666666,127.13307197500002,2.6357757183407986
35.84792038333333,127.13307202666668,3.932905217105093
35.847919935,127.13307205666666,6.3537305059801445
35.84791949833333,127.13307205333334,7.349496617910507
35.84791909,127.13307204666668,6.676319285595636
35.847918658333334,127.133072155,5.716453297029723
35.84791833333334,127.13307218,8.90560433859804
35.84791796166667,127.133072175,8.545201014616064
35.84791756833333,127.13307219666667,9.342802298512815
35.847917243333335,127.13307220666665,8.02365719179888
35.847916954999995,127.13307225166666,11.146355997735048
35.84791662333334,127.13307226666666,13.402884562403699
35.847916260000005,127.13307233166667,16.605792086489192
35.84791591666667,127.13307237833332,18.98832429133467
35.84791554666666,127.13307244666666,22.000815827629026
35.84791504666667,127.13307250166666,33.7551543025565
35.84791464333333,127.13307262833332,40.510791362772075
35.847914268333334,127.13307268833333,50.435621357592254
35.84791385166667,127.13307280166667,56.9767041730369
35.847913481666666,127.13307284166667,67.55603503440027
35.84791314333334,127.13307286,75.09874124495863
35.84791277,127.13307291999999,86.70524986069677
35.84791242666667,127.13307296833334,93.20598421564091
35.847912105,127.13307303666667,98.15929054296883
35.847911788333334,127.13307308666666,103.33256175454483
35.847911456666665,127.13307308833333,107.31301586570552
35.847911161666666,127.13307312166668,110.86188557046599
35.847910883333334,127.13307320833334,113.18868177304878
35.84791055833333,127.13307334499999,114.50778890655182
35.84791037833334,127.13307339833334,115.82109320836027
35.84791018666667,127.13307336999999,116.60019593414683
35.847909980000004,127.13307336000001,118.29944517163244
35.84790978666667,127.13307339833334,117.0903786828939
35.84790971666666,127.13307350166666,118.96383120960243
35.847909465,127.13307344833332,115.9846410707444
35.847909380000004,127.13307344000002,115.42231918185702
35.847909285,127.13307342333334,117.12166628784951
35.847909224999995,127.13307348666667,115.36298478243354
35.84790917,127.13307358833332,115.0812234282127
35.84790907833334,127.1330737,114.56682184584852
35.84790903166667,127.13307375166666,115.39003326495497
35.847908976666666,127.13307371833335,115.97278343740767
35.847908946666664,127.13307361833334,115.13307374102212
35.847908905000004,127.13307338833334,113.61461858464173
35.847908835,127.133073035,113.53478531643111
35.84790873666667,127.13307264166666,109.87972821990044
35.84790863333333,127.13307231333334,108.67620114992924
35.84790855666667,127.13307186333334,110.54832115698947
35.847908481666664,127.13307136833333,109.64287613927557
35.84790846666667,127.133070905,110.33050362403607
35.847908413333336,127.13307039333334,108.98054595303347
35.84790832333333,127.13306994000001,108.76691125468717
35.847908321666665,127.13306953000001,110.71342972030467
35.84790835333333,127.13306949000001,108.25706590883298
35.847908366666665,127.13306961833332,109.63421984294474
35.84790834166667,127.133069875,109.73858454061792
35.84790835666667,127.13307016499999,110.9533505432025
35.84790841166667,127.13307043333334,111.99781153194577
35.84790846666667,127.13307066166665,113.24006651740497
35.84790855000001,127.13307086000002,111.91772616085473
35.847908615,127.13307109,112.49099991519269
35.84790862,127.1330714,111.03499048397863
35.84790863833334,127.133071795,111.12465071883483
35.84790866666666,127.13307223666668,112.67270423762172
35.84790869166667,127.13307265666666,110.501124213394
35.84790859833333,127.13307316999999,110.3476933156131
35.84790859666667,127.13307365,110.77754931265491
35.84790857666667,127.13307414833335,111.46364006728317
35.847908575,127.13307475000002,112.49471618975588
35.84790861166667,127.13307533833334,113.01665826636544
35.847908563333334,127.13307598166666,111.36046623752198
35.847908583333336,127.13307651833333,112.15466873386245
35.84790857166667,127.13307709666667,112.26304422964787
35.847908555000004,127.13307762000001,112.00777435424631
35.847908615,127.13307811666667,111.68312763016364
35.847908618333335,127.13307854666667,111.18288978769971
35.84790859666667,127.13307896166667,110.55170579367169
35.84790862166667,127.13307932000001,111.66063777701454
35.84790862,127.13307967833335,112.56791389657835
35.84790857833333,127.13308005333334,112.8895260403496
35.847908624999995,127.13308044666668,112.6732103451548
35.84790862,127.13308082999998,114.8588062470757
35.847908696666664,127.13308131500001,113.8067114839656
35.84790870833333,127.13308183166667,112.8032804585949
35.847908705,127.13308226166667,113.20989350930262
35.847908715,127.133082755,113.06009814665587
35.84790873,127.13308319666666,113.51328001284205
35.84790873833333,127.13308366000001,112.67634773567036
35.84790877666667,127.13308419333335,113.95657957002352
35.84790878333333,127.13308472166666,112.09390919285106
35.84790885666666,127.13308524166665,112.35334109060338
35.847908878333335,127.13308579333334,111.004801635098
35.847908935,127.13308637666665,112.80149609994783
35.84790897166667,127.133086935,112.86630425647557
35.847908976666666,127.13308753333334,112.95144784220886
35.84790898000001,127.13308807999998,113.4413027455795
35.84790897833333,127.133088675,113.46803969704197
35.84790904,127.133089205,113.17625306508278
35.847908995,127.13308972833332,113.55589089100363
35.84790898666667,127.13309035333332,113.99364327749738
35.84790900666667,127.13309094,112.32441513909144
35.847909005,127.13309149666665,114.71360274297353
35.84790907166666,127.13309202666666,112.99022458616552
35.847909146666666,127.13309261,113.37810127484917
35.847909161666664,127.13309317666666,112.0598251110023
35.84790917,127.13309376833334,111.86683647966332
35.84790926166667,127.13309435000001,109.88215063085319
35.847909308333335,127.133094965,111.59641864703654
35.847909306666665,127.13309551666667,113.24465487391838
35.84790935333333,127.13309608666665,112.99927329832663
35.84790938833333,127.133096675,111.75197438300445
35.847909376666664,127.13309723333332,113.1213911740906
35.84790932,127.13309778833333,110.15833483313355
35.847909425,127.13309845,111.69331243806198
35.847909415000004,127.13309910333334,111.62384277043081
35.84790945833333,127.13309974999999,111.71863292423139
35.84790954333334,127.13310041166666,111.9886714854988
35.847909575,127.13310110666667,111.27445478783044
35.84790963666667,127.13310172000001,110.84126057013916
35.847909644999994,127.13310242499999,112.28840869532897
35.84790963666667,127.13310308333332,112.56922031010802
35.84790969,127.13310374,112.42431234094897
35.84790964333333,127.13310437666665,110.51943875354978
35.847909683333334,127.13310502666667,110.76246991594843
35.847909795,127.13310561833332,110.18627672093422
35.84790981166667,127.13310623166666,110.83683857277433
35.84790982166667,127.13310684499999,111.6449689573161
35.847909871666666,127.13310740833334,111.53102547518635
35.84790992,127.13310812833333,112.04800468612584
35.847909965,127.13310871999998,112.14114763566445
35.84790999,127.13310941333333,112.26319801783877
35.847909995,127.13311006666666,110.51838249993322
35.84791006499999,127.13311067499998,111.74382643486011
35.84791006166667,127.13311131833333,111.47642586666679
35.847910148333334,127.13311193333332,112.39895368607088
35.847910168333335,127.13311259333335,112.06467464389841
35.84791017,127.13311323,111.46103589443648
35.84791020666667,127.13311381,112.68523819304575
35.847910201666664,127.13311446499999,111.7390414023692
35.847910305,127.13311500166668,110.78161512745679
35.847910318333334,127.13311568833333,111.35510346798961
35.847910293333335,127.13311628333334,111.04723357077592
35.847910416666664,127.13311692166666,109.94458331385728
35.847910475000006,127.13311746166667,109.8178005771957
35.847910508333335,127.13311808833332,111.06586506417243
35.84791052,127.13311864833334,109.84837840673755
35.847910494999994,127.13311930500001,111.56585087235493
35.84791052,127.13311987333333,112.0175754834018
35.84791053833333,127.13312048000002,112.4535152845699
35.84791054166667,127.13312099000001,110.39938765966889
35.84791058166666,127.13312157666665,110.05270965417456
35.847910608333336,127.13312221833333,109.775329980352
35.847910665,127.13312287166667,111.14375410556377
35.847910676666665,127.13312345333334,111.89107616838662
35.84791072166667,127.13312408666667,111.27940654159652
35.847910758333335,127.13312468666666,111.68033690008254
35.84791080833334,127.13312526166668,114.03366999693137
35.847910846666664,127.13312588833332,113.81301610034035
35.847910811666665,127.13312640999999,114.05280990079932
35.847910846666664,127.13312700666665,113.89880881977996
35.847910815,127.13312761333333,114.61755107730107
35.847910881666664,127.13312815666669,113.05002780330607
35.84791094333333,127.13312876500001,113.61878459369534
35.847910938333335,127.13312938333333,112.77828943771077
35.84791094166667,127.13312995166667,113.3158201758365
35.84791104666667,127.13313053333334,112.39637631301711
35.847911035,127.13313107166665,111.47664660262645
35.847911025,127.13313161833334,112.38224885761814
35.847911015,127.13313217666668,111.33281507760982
35.847911015,127.13313271333332,110.56722858357368
35.847911025,127.13313324999999,110.3465800650295
35.847911028333336,127.13313371166666,110.69905043312004
35.847911053333334,127.13313420666667,110.22180707343414
35.84791112333333,127.13313471833332,111.51814343089428
35.847911165,127.13313527166665,111.54468310880613
35.847911185,127.13313585833333,111.43619091360148
35.847911235,127.13313639333334,111.01080452608508
35.847911270000004,127.13313701500002,110.49571162596365
35.84791134333333,127.13313759166667,111.4878563630354
35.84791136666667,127.13313818333333,111.51013234756257
35.84791136,127.133138765,110.55637171942749
35.84791137333333,127.13313936333334,109.53480308915958
35.84791144,127.13313984666665,110.79634699737899
35.847911446666664,127.13314034166666,110.24257045300028
35.84791144,127.13314087666667,110.96227398682207
35.84791149,127.13314133166665,110.30313270676145
35.84791151666666,127.13314183666668,111.14018644045275
35.84791153833333,127.13314234166667,113.02359377971236
35.84791156833333,127.13314283166667,111.6940555033324
35.84791155333333,127.13314339333334,111.6054562508736
35.847911573333334,127.13314395666666,110.70681945533786
35.847911546666666,127.13314450333334,112.59374550067749
35.84791155999999,127.13314501,113.52965674497295
35.84791159833333,127.13314555333334,111.64803252092631
35.847911599999996,127.13314608,112.46882358195985
35.847911585,127.13314660333332,111.47826993338438
35.84791162666667,127.13314714000002,113.98528745565393
35.847911690000004,127.13314774500002,113.91499751465798
35.84791165666666,127.13314835666667,112.95891549636818
35.84791168833333,127.13314896833332,112.90790238757145
35.84791176833333,127.13314942166666,112.50444638080268
35.847911804999995,127.13314998,114.18666492439961
35.847911866666664,127.13315055666665,113.75775443894962
35.84791188166666,127.13315111833332,113.11499167045315
35.847911935,127.13315171166666,112.80802611074145
35.84791196833333,127.13315225666665,112.24039185857792
35.847912009999995,127.13315282999999,111.75090223324774
35.847912015,127.13315341499998,111.99318117338757
35.84791202666667,127.13315399166667,110.40164891298433
35.847912048333335,127.13315458500001,110.91845034710366
35.84791209833334,127.13315517000001,112.37642245229068
35.84791219,127.13315573,110.12270957496364
35.847912218333335,127.13315630166666,111.60482396650367
35.847912228333335,127.13315687000001,112.0600491783287
35.84791216,127.13315738666667,111.1664011521576
35.84791215,127.13315801833332,111.79275499229854
35.84791220333333,127.13315855833335,107.92159840032761
35.847912228333335,127.13315914166667,108.8073248431625
35.847912195000006,127.13315979833332,108.70899563479762
35.84791227,127.13316042666665,109.31609375247743
35.84791233,127.13316101500001,108.74613996766543
35.84791224833334,127.13316173833333,109.79831475430238
35.84791237666666,127.133162355,111.13884896790836
35.84791235333333,127.13316304333333,110.89052834948659
35.847912465,127.13316369666667,111.14698264234164
35.847912449999995,127.13316433666665,110.48580280882929
35.84791242166667,127.13316504000001,108.54148193821733
35.847912451666666,127.13316568833334,109.6537129630861
35.847912513333334,127.13316635666666,108.22101934756803
35.847912513333334,127.13316703666666,109.5590144264818
35.847912533333336,127.13316783500001,110.232762892655
35.847912496666666,127.13316850666666,109.97588137993677
35.8479125,127.13316923666667,110.92078234801089
35.84791255166667,127.13316986666665,110.37588747293954
35.84791257833333,127.13317051666667,111.55952121062629
35.847912533333336,127.13317117166667,112.4447548011302
35.84791257166667,127.13317172500001,111.28037095249071
35.847912575,127.13317233666666,112.5666119987341
35.847912545,127.13317297833333,112.28380814102866
35.84791256166667,127.13317362499998,110.91588755797143
35.84791266166667,127.13317426166668,109.7051113448373
35.847914015,127.13321056499998,109.08951851019853
35.84791406333333,127.13321128166666,110.97613148576764
35.84791404,127.13321193333334,111.71510719463095
35.847914085,127.13321266666665,109.76182119894025
35.84791411166667,127.13321342833333,111.5224419605496
35.8479142,127.13321414166667,111.46100763389971
35.847914105,127.13321492333334,114.41442962457303
35.84791411166667,127.13321563,112.37120862849243
35.84791408833333,127.13321628333333,114.26468989765557
35.847914035,127.13321694833333,113.56443057514176
35.847914046666666,127.13321761,113.01138324386984
35.847914163333336,127.13321826666667,113.28673247627077
35.847914145,127.13321892166665,111.90491662286524
35.847914231666664,127.13321958666666,112.776440482152
35.847914255,127.13322030833334,111.95693236765823
35.847914286666665,127.13322096666667,113.37568395719634
35.84791433,127.13322173333333,113.28487713463973
35.84791434833333,127.13322237333333,112.95348072645552
35.84791435166667,127.13322304,112.77812482319733
35.84791442833333,127.13322359833334,113.43096924021397
35.84791443833333,127.133224275,112.3658025780783
35.84791451,127.13322487833332,112.13262185112909
35.84791447333334,127.13322555666667,113.16934086537943
35.847914501666665,127.13322631833334,114.32256646374793
35.84791452666666,127.13322700166667,113.9383124868095
35.847914536666664,127.13322776833333,114.56313504717919
35.84791458166667,127.13322849666665,113.90240907478362
35.84791462166667,127.13322918333333,111.80597039531852
35.84791469333334,127.13322986,110.38724534747274
35.84791469666666,127.13323052333332,110.40474502485557
35.84791472333333,127.133231175,110.96319816058475
35.847914751666664,127.13323180666666,111.46659866296366
35.847914804999995,127.13323242333333,110.42406921903361
35.847914851666665,127.13323312833333,111.41022148566041
35.84791490166666,127.13323377500001,112.8033858001112
35.84791498833333,127.13323444499999,111.05047262218504
35.84791502666667,127.13323507166666,110.72860986472918
35.84791508,127.13323576833334,110.81149088888907
35.847915111666666,127.13323649833335,110.6314946427418
35.84791515833333,127.13323718166666,111.30077679053123
35.84791524,127.13323784666666,113.79649631036082
35.847915305,127.133238465,113.9476674479788
35.84791525666667,127.13323914166668,112.9191312454153
35.847915234999995,127.13323982499999,113.99730316888815
35.84791524833334,127.13324048666666,113.65304409876482
35.84791525666667,127.13324113499999,113.53263689401659
35.84791533833334,127.133241865,112.02768950067306
35.84791540833333,127.13324250333332,112.6951420318443
35.847915425,127.13324324333334,112.37684956858467
35.847915461666666,127.13324399833333,114.0802438275826
35.84791547166667,127.13324467166667,113.28343398059093
35.847915495,127.13324542500001,113.67120706034252
35.84791552666666,127.13324610166667,113.28490331905516
35.84791553,127.13324675666667,114.06756038040167
35.84791554833334,127.13324742333334,111.73013602837929
35.84791557333333,127.13324802166666,112.21494375786399
35.847915601666664,127.13324866500001,111.17513743896579
35.847915654999994,127.13324930333334,109.89129609715935
35.847915705,127.13325003333333,109.65967389486525
35.84791575,127.13325076333334,110.66876276607042
35.847915826666664,127.13325152333333,112.22319813188915
35.84791585166667,127.13325221666668,112.31929525705286
35.847915915,127.13325290166668,112.91542217198248
35.847915934999996,127.13325357166666,112.99870024026586
35.847915975,127.13325422833334,112.34814642584664
35.847916035000004,127.13325487166667,111.90375763603849
35.847916094999995,127.13325556666665,112.6498813284029
35.847916165,127.13325624333332,112.29560724407597
35.847916225,127.13325691999998,112.49151307227686
35.847916321666666,127.13325768166666,112.68632097782154
35.847916338333334,127.13325834666666,111.75437616826564
35.84791635166666,127.13325905166667,111.4996225355797
35.84791630166667,127.133259745,110.27753992359138
35.84791631833333,127.13326050666667,109.98799243232587
35.847916319999996,127.133261165,109.95796405258942
35.847916321666666,127.13326191333333,110.73696851379638
35.84791635,127.13326257666668,110.56695391627288
35.84791630833333,127.13326322833333,110.95181127462226
35.84791628166667,127.13326387166666,112.75417904436263
35.847916258333335,127.133264475,113.08998705669988
35.84791632833333,127.13326518000001,112.68949570499788
35.84791632666667,127.13326583666667,113.66058197822791
35.847916383333335,127.13326649999999,111.82666950446986
35.847916481666665,127.13326719166668,111.54797003683467
35.847916473333335,127.13326788499998,111.35197393060587
35.847916471666665,127.13326859499999,111.08125392681485
35.84791649833333,127.13326926833334,112.96324122610093
35.847916508333334,127.13326986833333,112.88528294844309
35.84791654166667,127.13327053666666,114.08504650506399
35.84791658333334,127.13327111333335,112.71491446453584
35.84791661333334,127.13327173333333,114.31652803927498
35.847916651666665,127.133272375,113.1785340874054
35.847916665,127.13327299,112.4017917402496
35.84791666333333,127.13327363666667,112.14042747530921
35.84791662666667,127.13327419666666,113.99561691313654
35.84791666,127.13327491999999,114.70890739552385
35.847916641666664,127.13327551666667,115.8744591362125
35.84791664833333,127.13327618666666,114.29034681203312
35.84791675666667,127.13327680333332,113.47362778570215
35.847916815,127.13327742833332,111.60593948658669
35.847916815,127.13327815666668,111.20609177923663
35.84791686166667,127.13327888166666,111.58357128963557
35.84791699,127.13327957499999,111.8996043031508
35.847916995,127.13328029666667,110.9054946750132
35.84791699833333,127.13328104666668,112.05595328653783
35.847917025,127.13328174166666,110.82159955476209
35.84791709,127.13328246666667,109.75191243259133
35.84791716833333,127.13328318500001,110.43180800819256
35.84791722,127.13328389833332,110.81484498051908
35.84791724833334,127.13328459333334,110.64050425795736
35.847917173333336,127.13328533166666,111.32423171801356
35.84791722333333,127.13328603500001,112.87118467988019
35.84791734,127.13328678333333,112.34995570801387
35.84791749833333,127.13328750000001,113.4214035751528
35.84791751333333,127.13328820333332,112.29965994822592
35.84791765166666,127.13328890166667,112.61684484008653
35.84791767833334,127.13328963000001,114.35862581975968
35.847917681666665,127.13329033833334,111.10550002442318
35.847917683333336,127.13329104,110.9505940123188
35.84791774833333,127.13329166999999,112.10903986054927
35.84791776,127.13329235666667,112.53599785233229
35.84791777666667,127.13329308333331,115.02669546841739
35.847917853333335,127.13329381666667,113.59646720195732
35.84791788,127.13329448,113.91209356301401
35.84791791666667,127.13329519666668,113.8806254394204
35.84791801833333,127.13329587166666,113.16084175008022
35.8479181,127.13329646166667,112.43468095123843
35.84791815166667,127.13329710166666,113.22246962699468
35.847918181666664,127.13329768,112.54209831847267
35.847918218333334,127.133298305,112.58463071487691
35.847918238333335,127.13329894499999,113.14846355345327
35.84791823166667,127.13329957333332,113.19816714123687
35.847918209999996,127.13330018833334,113.1420762789107
35.847918193333335,127.13330086833334,111.4938738833509
35.847918150000005,127.13330150333334,113.02809375514695
35.847918135,127.13330219666665,110.85593453730677
35.84791815166667,127.13330288666666,110.93564736601523
35.847918140000004,127.13330355166666,109.11737046983573
35.84791813833333,127.13330420833333,110.20854319954323
35.847918113333336,127.13330485166668,107.84400001588428
35.84791809,127.13330554000001,110.0403476505956
35.84791803166667,127.13330623666667,108.86705779104157
35.84791815166667,127.13330689499999,108.69541538994396
35.84791827,127.13330756166667,107.59105595731279
35.84791830333334,127.13330823833333,107.34321934628213
35.84791832166666,127.13330901833334,107.32326758848444
35.84791841333333,127.13330975666668,108.23528985561535
35.84791850166666,127.13331046666666,108.61088979398757
35.847918508333336,127.13331113000001,109.35643136420951
35.847918535,127.13331177666666,109.65252287568498
35.847918570000004,127.13331241166667,109.60278301542188
35.847918605000004,127.13331306833334,108.80374009474163
35.847918654999994,127.13331373166666,108.87493971751434
35.847918658333334,127.13331435500001,107.1508244217825
35.84791868833334,127.13331494333333,107.61056956726442
35.84791873166667,127.13331554833333,104.98104174008793
35.84791884333333,127.13331619666666,105.52856379305187
35.847918938333336,127.133316845,106.16951125717151
35.847919075,127.133317485,106.8997668285247
35.847919114999996,127.13331819333334,107.45983635182202
35.847919094999995,127.1333188,108.72691224930828
35.84791911,127.13331946000001,106.4510309364861
35.84791909166667,127.13332010666666,106.06985640253353
35.84791911333333,127.13332073666668,104.90455539853728
35.847919125,127.133321325,104.66293414690205
35.847919155,127.133321975,103.70078224972306
35.84791918333334,127.13332271333333,105.09596463793227
35.847919186666665,127.13332339666667,105.08450695396353
35.84791919333334,127.13332414833333,106.3811242326632
35.847919196666666,127.13332483,107.01888876706825
35.84791921,127.13332552166666,107.47661919802475
35.847919196666666,127.13332614000001,107.74288015504538
35.8479192,127.13332681166666,109.08670221331596
35.84791921833333,127.13332744833333,110.44258626949826
35.847919225000005,127.13332803833333,111.8600439823592
35.84791921666667,127.13332872000001,111.32569990823444
35.84791922666667,127.13332939166666,112.09261057012358
35.84791923666667,127.13333009833335,111.68982061502413
35.847919255,127.13333084,110.28545459378631
35.84791927166667,127.13333163500002,111.60350961785288
35.847919284999996,127.133332295,109.8801054779072
35.847919295,127.133332975,109.53793295262268
35.847919284999996,127.13333365333334,108.52723198724654
35.847919258333334,127.13333425,109.19959888703376
35.84791927833333,127.13333487833333,110.35910255995553
35.84791928,127.13333548833334,113.74132886827653
35.847919293333334,127.13333606166667,116.92397948790932
35.847919303333335,127.13333669333333,119.09844183897485
35.84791932666667,127.13333733333333,119.40845890468037
35.84791935,127.13333804666667,121.21992583284761
35.847919383333334,127.13333875666667,124.82149051703261
35.8479194,127.13333942666668,127.54958703265923
35.84791939,127.13334014666667,131.72838225249805
35.847919425,127.133340835,135.93388354710987
35.84791946,127.13334143333334,140.15621218958256
35.84791943166667,127.13334215666667,142.0543464006201
35.8479194,127.13334293833334,145.5088310910854
35.84791943333333,127.1333437,147.83143911719932
35.847919445,127.13334452833332,148.8671122036079
35.84791946166667,127.13334533000001,151.08396412729797
35.847919485000006,127.13334618666667,155.33620719620194
35.84791947833333,127.13334700499999,157.7535520388809
35.84791946,127.13334780833333,160.1876926218359
35.84791944166667,127.13334857666665,162.17543146481265
35.847919393333335,127.13334926833335,163.27105848730082
35.847919426666664,127.13335011,162.39914100687292
35.847919345,127.13335081166666,162.174986081114
35.847919346666664,127.13335168833333,161.63002205489119
35.847919329999996,127.13335252833333,162.91079113856
35.84791937666667,127.13335341166666,162.79871858526647
35.847919358333336,127.13335434333334,163.53492637034728
35.84791935333333,127.13335518999999,163.1638224247991
35.84791939666666,127.13335607833332,164.53938385554662
35.847919385,127.13335686833334,164.84295205860562
35.84791944833333,127.13335764666665,166.403323875617
35.847919420000004,127.13335841499999,166.89131812143154
35.84791946,127.13335914166667,167.4682488778857
35.84791946,127.13335989166666,167.67640050658179
35.84791951,127.13336063833334,166.84678622886176
35.84791955166667,127.133361355,167.42262657856529
35.84791957666666,127.13336206666666,166.9835318708384
35.847919633333326,127.13336288,166.8019118297414
35.84791967,127.13336360666666,166.44347100503649
35.847919671666666,127.13336435166666,166.3487336286802
35.84791971333333,127.13336502333335,167.08586136079234
35.84791972666667,127.13336566000001,166.61348497452454
35.84791972,127.133366205,167.09400248435182
35.84791971666667,127.13336678666668,167.06342272631198
35.847919706666666,127.13336730333334,167.27444741538156
35.84791972833333,127.13336781833335,167.03593445797154
35.84791978333333,127.13336840666668,166.96752290325225
35.847919845,127.13336899166667,166.9449785333997
35.847919866666665,127.13336958666666,166.2996570963562
35.84791995,127.13337007833334,166.39705615554664
35.847919968333336,127.13337048666666,166.95969391208507
35.847919974999996,127.13337087333333,167.10360840667116
35.84792004333334,127.13337126,167.24171882176077
35.84792007833333,127.13337163666665,167.4578644232241
35.84792010666667,127.13337202666668,167.17313464370852
35.847920325000004,127.13337249833333,167.30646181323016
35.847920535,127.13337287333334,166.82470715713004
35.84792070333333,127.13337318,166.27357101012666
35.847920861666665,127.13337346499999,167.4863321602007
35.84792102666667,127.13337368666667,167.31337360361422
35.847921146666664,127.13337390333332,166.5976320982732
35.84792126333333,127.13337413333332,167.21149697332274
35.84792137833333,127.13337426666666,166.98618507348942
35.847921463333336,127.13337441,168.14030369171712
35.847921590000006,127.13337456833332,167.64870609882863
35.847921723333336,127.13337466166668,167.7736880396711
35.84792190333334,127.13337474666666,168.33931197355074
35.847922055000005,127.133374795,168.7060453213426
35.847922188333335,127.13337479166667,168.11844020870438
35.847922366666666,127.13337487166667,168.90529698344554
35.847940939999994,127.13337586166666,169.20072562328082
35.84794143333333,127.13337582666666,168.42276676776112
35.84794185333333,127.13337578000001,168.6167587205456
35.84794231,127.13337576500001,168.4740212629464
35.84794274833334,127.13337578000001,168.88790524926986
35.847943095,127.13337571333335,168.6001210522659
35.84794354833333,127.13337568833335,168.7458185021067
35.84794402333333,127.13337565833332,168.81934812384446
35.84794455,127.13337566666665,168.99880475512737
35.847945024999994,127.13337564,169.00066773904612
35.84794539333333,127.13337557333334,169.46393857405238
35.84794589666667,127.13337550666665,168.661095936611
35.847946365,127.13337553666666,169.09950567332197
35.84794667166667,127.13337549333333,169.6075743455214
35.84794711666667,127.133375425,168.6349661673138
35.847947520000005,127.13337540666667,169.29892827767466
35.84794786,127.13337539833334,169.55253546852836
35.847948269999996,127.13337537999999,169.69560873061118
35.847948695,127.13337529500001,168.67378879565678
35.84794908666667,127.13337527333333,170.1866884633698
35.84794953,127.13337521,169.76828002337618
35.84794995166667,127.13337512333334,170.0712021060229
35.84795032,127.13337515333333,169.65728734086827
35.84795075666667,127.13337515166668,169.2210494507282
35.84795118500001,127.13337512000001,169.2825673440318
35.84795151833334,127.13337506333333,169.41241339514414
35.84795176833334,127.133375035,169.41251547745264
35.84795200166666,127.13337499666667,170.11044872259112
35.84795220666667,127.133374975,169.0766924446863
35.84795237666666,127.13337496666666,169.4349628857146
35.84795254,127.13337494333334,169.8285496534193
35.84795269000001,127.13337494000001,169.29617328973413
35.847952915,127.13337496000001,169.62886270079485
35.847953153333336,127.13337494333334,169.08803551134332
35.84795333833333,127.13337494500001,168.74553394039668
35.84795349,127.13337495666669,169.096166084612
35.84795340666667,127.13337493333331,169.57302959926272
35.84795341166667,127.13337492000001,169.4187148174652
35.84795344166666,127.13337491166666,169.48441349560986
35.847953448333335,127.13337493666668,169.00476844242604
35.84795344166666,127.13337494500001,169.3449448578484
35.84795346833334,127.13337492666666,168.8702258614441
35.84795345,127.13337494333334,168.66525773286418
35.847953448333335,127.13337490333333,169.70001602736784
35.847953435,127.13337491166666,168.91906361792977
35.84795346,127.13337490666666,169.2046238540912
35.847953458333336,127.13337492166666,169.57226276871833
35.84795345,127.13337491166666,168.9976594596404
35.847953413333336,127.13337493833333,169.04813953110167
35.847953455,127.13337494833334,169.1038632257082
35.84795348,127.13337495166667,168.98417407657712
35.84795349333333,127.13337494500001,168.69256397657455
35.84795348,127.13337494500001,169.3261773119401
35.84795346666667,127.13337489333335,168.97270554853478
35.847953535,127.13337488,169.20604693694884
35.84795348666667,127.13337494666666,168.93379068342028
35.84795350833333,127.13337495833333,169.48026907959152
35.84795347166666,127.13337496333334,169.23918407742545
35.84795347,127.13337496166666,168.98924005859618
35.84795347833334,127.13337491833333,169.37749282892833
35.847953455,127.13337485166667,169.38461977707763
35.84795346166666,127.13337488166665,169.12388716219093
35.84795348,127.13337485833333,169.3762411259662
35.84795349333333,127.13337488999998,169.72233368396968
35.84795345166666,127.13337490333333,168.86291885278936
35.84795346666667,127.13337490333333,168.71719722692472
35.84795346833334,127.13337492000001,168.89118373153082
35.847953473333334,127.13337494166666,169.58146424625107
35.84795347,127.13337492999999,169.89212515320716
35.84795355333333,127.13337488,169.34196929553397
35.84795363833334,127.13337492000001,169.7583857875429
35.84795359333334,127.13337489666668,168.91160974488224
35.84795358833333,127.13337492166666,169.40159637853867
35.847953575,127.13337492166666,169.26317420087858
35.84795354833333,127.13337491333331,169.48148731245414
35.84795361,127.13337492666666,169.38441019827442
35.84795362666667,127.13337490833334,169.5095293330026
35.84795362666667,127.13337489166666,169.53754590829513
35.84795360666667,127.13337488833334,169.21810976003252
35.84795362,127.1333749,169.83183819031
35.84795359333334,127.1333749,169.33745920914245
35.847953546666666,127.13337492166666,168.92851041931192
35.847953540000006,127.13337491333331,169.07874337426188
35.847953515,127.13337489166666,169.15391234822542
35.84795353166667,127.13337491333331,169.23034811520608
35.847953535,127.13337490666666,168.9331030936208
35.84795353166667,127.13337491333331,169.55202028738682
35.84795354166667,127.13337490833334,169.69697720438424
35.84795355833333,127.13337490666666,169.83563675141565
35.847953575,127.13337488500001,169.330468956958
35.847953583333336,127.13337488166665,169.18179913472108
35.84795359833333,127.13337489833333,168.72349974484544
35.84795360666667,127.13337490500001,169.1223884801064
35.84795360666667,127.13337490333333,169.600718961906
35.847953569999994,127.13337490166666,169.4129734876433
35.847953583333336,127.133374915,169.13500648823288
35.847953583333336,127.133374915,169.8532033393696
35.847953579999995,127.13337492000001,169.6788180370777
35.84795357833333,127.13337491166666,169.20288941324085
35.847953563333334,127.13337490666666,169.62842773165303
35.84795354333333,127.13337491333331,169.5513834817411
35.84795354833333,127.13337490999999,168.96739786519905
35.84795352833333,127.13337490666666,169.45457484960258
35.84795352833333,127.13337489166666,169.36043075300012
35.84795355166667,127.13337490166666,169.4583057988056
35.84795357666667,127.13337489833333,168.90885029422057
35.847953605,127.13337488,168.90329733966533
35.84795356666667,127.13337487833333,168.90584140165626
35.8479536,127.13337490333333,169.81188180732423
35.84795359666667,127.13337492166666,169.24055078164062
35.84795359833333,127.13337490666666,169.36305115608036
35.847953575,127.13337492000001,169.55649813092865
35.847953555000004,127.13337492166666,169.62836673509253
35.847953555000004,127.13337495333332,169.65752486938254
35.84795354833333,127.13337492833334,169.32404908253469
35.847953540000006,127.133374915,169.8259197125355
35.84795353833333,127.13337492166666,169.33603621617442
35.847953545,127.13337494833334,169.13857449172787
35.84795348833333,127.13337495833333,169.09205003577668
35.84795347,127.133374975,169.63534354980453
35.84795345166666,127.13337498000001,168.91974755791594
35.847953448333335,127.13337500000002,169.24106457182702
35.84795352166667,127.13337494833334,168.63716031629835
35.847953525,127.13337496333334,169.36265456993277
35.847953530000005,127.13337495333332,169.12513382057452
35.84795352833333,127.13337495833333,169.1286723921044
35.84795347166666,127.13337499833332,168.86157246296438
35.847953438333334,127.13337502166665,169.3011258676791
35.847953419999996,127.13337504333334,169.2606776239309
35.847953413333336,127.13337503166667,168.774179456881
35.847953428333334,127.13337500499999,168.90340027047407
35.847953419999996,127.13337499833332,169.50251080554665
35.84795344,127.13337500000002,169.16655361567155
35.84795343166666,127.13337499166667,169.68636925678956
35.84795342666666,127.13337499166667,169.6225340025715
35.847953409999995,127.13337498499999,168.9521548493161
35.84795341166667,127.13337499666667,169.25571506824704
35.847953409999995,127.13337499833332,169.25355422541472
35.84795342666666,127.13337500000002,169.03286588586377
35.847953438333334,127.13337500833335,168.9838530608017
35.847953448333335,127.13337499666667,169.60509005794862
35.847953445,127.13337500499999,169.627250022387
35.847953456666666,127.13337500333334,169.2050686773315
35.84795344333334,127.13337498333334,169.17555938298437
35.84795343166666,127.13337496666666,169.01034559628758
35.84795343,127.13337499833332,169.17681930377947
35.84795343333334,127.13337500833335,169.46806773763154
35.84795342666666,127.13337500000002,169.04333095950437
35.847953435,127.13337501833333,169.46703534364218
35.84795344,127.133375015,169.19409097622886
35.847953438333334,127.13337501166667,169.779779955561
35.84795344166666,127.13337500166666,169.3144425794098
35.847953436666664,127.133375015,168.9763021003924
35.847953425,127.13337497166667,169.00824508431512
35.84795344166666,127.13337496333334,169.6166957119165
35.84795345166666,127.13337499333332,168.93397000822281
35.84795346,127.13337500333334,169.3531319211759
35.847953458333336,127.13337499833332,169.11208081891314
35.84795343333334,127.13337495666669,169.2787055003375
35.847953448333335,127.13337497166667,169.1028456461766
35.84795344166666,127.13337498833334,169.35559537014632
35.847953445,127.13337499666667,169.33135581696104
35.84795343333334,127.13337499,168.86158564527338
35.847953436666664,127.13337499666667,169.31783565363492
35.84795345333334,127.13337496000001,169.9136687888368
35.84795347666667,127.13337492833334,169.51540799984062
35.84795341833333,127.13337497333332,169.6209307007044
35.84795345,127.13337494999999,168.99556832411776
35.84795341666666,127.13337495833333,169.65255880355218
35.847953395,127.13337497833332,169.1992988441908
35.847953393333334,127.13337495666669,169.4027071081197
35.84795341166667,127.13337493333331,169.21895663247673
35.847953395,127.13337493166667,169.91534048741755
35.84795338,127.13337494833334,169.93330166938372
35.84795339166667,127.13337495666669,169.10706118753865
35.84795347666667,127.13337497333332,169.37959601593286
35.847953428333334,127.13337493499999,169.58653184353363
35.84795339833333,127.13337496166666,169.38756352813644
35.847953436666664,127.13337487333335,169.7035738917045
35.847953435,127.13337492500001,169.95979177574497
35.84795341666666,127.13337490666666,169.40286134411193
35.84795335666667,127.13337487166667,169.683594364014
35.847953354999994,127.13337484833333,169.40661796295146
35.84795337833334,127.13337480666665,169.75119277785006
35.847953366666665,127.13337483833332,168.8899298682365
35.84795338166667,127.133374815,169.0323178048767
35.847953368333336,127.13337482166668,169.8287288481872
35.847953395,127.133374825,168.84404276734523
35.847953376666666,127.133374835,169.2817963295853
35.84795336333333,127.13337484999998,169.13534516336202
35.84795336166667,127.133374845,169.25016120836895
35.84795334333333,127.13337484833333,169.30536230666954
35.84795335333333,127.13337486166665,169.08450467532055
35.84795338166667,127.13337486833333,168.87075471311636
35.84795338,127.13337485833333,169.0816489464684
35.847953376666666,127.13337486166665,169.70944784985187
