35.847956696666664,127.13337809166666,-118.78484991885337
35.84795667833334,127.13337807499998,-118.30281234691182
35.847956698333334,127.13337805333335,-118.35815778390132
35.84795668333334,127.133378045,-119.53862405521996
35.847956685,127.13337805,-118.97107960352972
35.84795668666666,127.13337802666668,-118.83352662885206
35.847956716666665,127.13337803333334,-119.01721423010514
35.847956681666666,127.133378045,-118.84161881166392
35.84795670166667,127.13337804666665,-116.64988087433751
35.847956675,127.13337804333332,-117.95032231997662
35.84795669166667,127.13337804833333,-118.17328241808339
35.84795666833334,127.13337804666665,-119.18740023249426
35.84795669333334,127.13337803166665,-119.48898584201096
35.84795670333333,127.13337807,-119.67588474579902
35.847956698333334,127.13337810333333,-120.04538997257904
35.84795671,127.13337807333333,-118.3748243107605
35.84795671166667,127.13337808,-121.14365279512133
35.847956696666664,127.13337811166666,-120.0450480889762
35.84795668,127.13337808666665,-120.2775919398955
35.84795668333334,127.13337807333333,-119.24986169227147
35.847956696666664,127.13337807666667,-118.33245438581451
35.847956696666664,127.13337809499998,-117.55784983619552
35.84795668666666,127.13337809333333,-117.49901387788636
35.84795671,127.13337806166668,-120.92040058846912
35.84795671833333,127.13337807333333,-118.52582875566407
35.84795666666666,127.13337807499998,-119.56328686809674
35.84795668,127.133378105,-118.95142795834084
35.84795668333334,127.13337809499998,-119.4884411044118
35.84795670333333,127.13337809499998,-120.11883872239574
35.847956685,127.13337811166666,-119.886510216504
35.84795667,127.13337811833331,-117.80324405337029
35.84795667,127.13337811499999,-117.29583095449945
35.84795664,127.133378105,-118.2267855185741
35.847956663333335,127.13337813333334,-118.56608371168518
35.84795662166667,127.13337816666666,-119.5643424484182
35.847956651666664,127.13337808666665,-120.54316198635729
35.84795666,127.13337811166666,-118.56532676170195
35.84795663166666,127.13337809499998,-118.60004121386211
35.847956665,127.13337805333335,-119.4766970981872
35.847956645,127.13337806166668,-118.46546948698972
35.847956638333336,127.13337812666666,-119.46874450240354
35.84795665666666,127.13337810166668,-119.11023860340613
35.84795664833334,127.13337809166666,-118.7166750214759
35.84795664333333,127.13337803333334,-119.81634566884873
35.84795663,127.13337805333335,-118.1191972728443
35.847956636666666,127.13337802833333,-119.1521270469682
35.847956661666665,127.13337808833333,-118.40412120307188
35.847956628333336,127.133378005,-118.40022646114248
35.847956653333334,127.13337809333333,-119.33702065580789
35.84795670166667,127.13337801833335,-119.41935633747529
35.84795672,127.13337798166667,-117.4653611950971
35.84795670166667,127.13337798166667,-119.39775325611177
35.84795669333334,127.13337798666667,-118.55478818164336
35.847956706666665,127.13337802166667,-119.01629775770645
35.847956690000004,127.13337804,-118.5227648565781
35.84795667833334,127.13337806333332,-119.24235580583023
35.84795671166667,127.13337808166668,-118.78836640372218
35.84795670333333,127.13337809000001,-118.9856189964733
35.847956698333334,127.13337810333333,-119.28202064955396
35.847956715,127.1333781,-119.46895475677356
35.84795668333334,127.13337810166668,-119.41632344567442
35.84795670166667,127.13337807499998,-119.67831870661152
35.847956726666666,127.13337804,-118.74043005992787
35.847956685,127.13337805,-118.68335035453026
35.847956698333334,127.13337804166667,-119.8387509264849
35.847956690000004,127.13337804333332,-118.45064276271185
35.84795671166667,127.133378055,-118.90114247107941
35.84795667666666,127.13337805166665,-118.35203146203663
35.84795668333334,127.13337808833333,-119.71064954992369
35.84795666,127.13337807499998,-119.71500212079822
35.847956673333336,127.13337805333335,-119.79952613216295
35.84795670333333,127.13337806333332,-118.89710477996236
35.84795671166667,127.13337805666667,-119.69869781679431
35.84795671833333,127.133378065,-120.54304624530025
35.847956706666665,127.13337806166668,-119.35416461898801
35.84795670333333,127.13337809166666,-118.71222402214087
35.847956716666665,127.13337806833333,-119.0283771952056
35.84795670833333,127.13337808,-118.193947372013
35.847956715,127.13337806,-118.6108321885326
35.84795669333334,127.13337808166668,-118.84186943146884
35.847956726666666,127.13337807666667,-119.12390346613253
35.847956726666666,127.13337809333333,-118.80684615680576
35.847956735000004,127.13337809166666,-118.1543695457023
35.84795678333333,127.13337812333333,-120.24384796757488
35.84795678166667,127.13337810666665,-120.5644040019676
35.84795679,127.13337814833334,-120.51451850410925
35.847956751666665,127.13337813499999,-119.56838251803687
35.847956751666665,127.13337810333333,-118.75845512647653
35.847956726666666,127.13337811833331,-118.28750692803075
35.84795676666667,127.13337806666665,-119.17113288851438
35.84795673333333,127.13337802333332,-118.75961704549358
35.847956765000006,127.13337806833333,-118.32219006375331
35.84795670333333,127.13337813000001,-117.57122968101565
35.847956665,127.13337818166669,-120.40317818242087
35.847956685,127.13337815499999,-117.81678692614719
35.84795669166667,127.13337812166668,-115.6389556730297
35.847956665,127.13337801499999,-115.29923174092752
35.847956665,127.13337779833334,-116.83315221727533
35.847956636666666,127.13337759166667,-117.52978027669522
35.847956634999996,127.133377405,-114.98286582410009
35.847956618333335,127.133377225,-114.23061141180466
35.84795660666667,127.13337704333335,-114.86358928346833
35.84795662,127.13337687666666,-112.73983252458737
35.847956625,127.13337664166666,-112.96938646341552
35.847956628333336,127.13337639333334,-111.30707179180246
35.84795663166666,127.13337616166667,-112.35148855399807
35.84795663166666,127.13337585833332,-111.05428097409741
35.847956634999996,127.13337551166666,-112.67088155610512
35.84795658666667,127.13337517833334,-112.82714852550997
35.847956591666666,127.13337484999998,-113.03489014138424
35.84795655666667,127.13337448333331,-111.81192209553663
35.84795649833333,127.13337410500002,-113.21543142430244
35.847956445,127.13337378,-112.89005356315944
35.84795641166667,127.13337333833333,-113.99041894651627
35.84795639166667,127.13337293166666,-114.93162252648483
35.847956438333334,127.13337256833331,-114.69555680946142
35.847956455,127.13337220500001,-114.68954537961065
35.84795641833333,127.13337177,-114.13418308020694
35.847956429999996,127.13337132833334,-116.26896128904357
35.84795635333333,127.13337090499999,-116.60743982838099
35.84795638166667,127.13336992333333,-117.72867766631289
35.84795633666667,127.13336949499998,-115.62213992342497
35.84795634499999,127.13336901833333,-119.19083766025373
35.84795633833333,127.13336861333333,-121.24110832439197
35.84795628333333,127.13336817,-118.96224466632104
35.84795625333334,127.13336767666667,-117.30285827805105
35.847956178333334,127.133367255,-119.04104990001822
35.84795605,127.13336678833333,-116.42387258386084
35.84795595,127.13336628166665,-117.07174453426802
35.847955938333335,127.13336569333333,-115.90415932219497
35.84795592666667,127.13336524833333,-114.91769403132439
35.84795580666666,127.13336471833333,-114.20113909243203
35.84795575166667,127.133364245,-115.15662973858687
35.847955680000005,127.13336376999999,-114.4445047159099
35.847955651666666,127.13336329833334,-116.65010721377713
35.84795562666667,127.133362875,-117.19879661275596
35.84795561166666,127.13336242833333,-116.70558830085712
35.84795560166666,127.13336201833333,-119.24258993250913
35.847955670000005,127.13336151999998,-117.94432374803353
35.847955605,127.13336105333335,-115.70636233961514
35.847955563333336,127.13336054333334,-115.53781786055679
35.847955494999994,127.13336004166668,-114.17015518395273
35.84795542833333,127.13335950666666,-114.01083082347643
35.847955318333334,127.13335897,-115.78038989469518
35.847955285,127.13335837333334,-114.29136268661074
35.84795530833333,127.13335771833333,-113.73200870647872
35.847955293333335,127.13335710999999,-113.81539500811019
35.847955256666665,127.13335645333333,-113.98459251799181
35.84795515166666,127.13335591166667,-115.6698781956917
35.84795512666667,127.133355355,-113.702563477375
35.84795512166667,127.13335473166666,-116.32933963822254
35.847955148333334,127.13335431499999,-114.87981171312926
35.847955158333335,127.13335371333332,-113.663775672547
35.84795516166666,127.13335316666668,-113.72362937318849
35.84795515,127.13335263666667,-113.47793607380311
35.84795509833334,127.13335200000002,-113.03485938036475
35.84795508,127.13335156,-114.71627562789408
35.84795506666667,127.13335096333334,-115.42210945940923
35.84795507166667,127.13335047833334,-116.98172279668121
35.847955006666666,127.13335005333332,-116.78067565426684
35.847954978333334,127.13334953833333,-116.9671641125844
35.84795493666666,127.13334904999998,-116.87523080028456
35.84795491166667,127.13334851166668,-116.85139780206512
35.84795490666667,127.13334788333334,-116.1259015106634
35.847954935,127.13334730666665,-114.22478237248887
35.84795492333333,127.13334661666667,-114.59078875956821
35.84795490666667,127.133346025,-113.75945449669535
35.84795486833333,127.13334538333332,-115.54732440074856
35.847954830000006,127.13334471833332,-113.94360132050285
35.84795482333333,127.13334405833332,-114.4991808090043
35.84795484833333,127.13334346666667,-114.6569646642054
35.84795477833333,127.133342765,-113.11020199962965
35.84795484000001,127.13334214333332,-110.6980671509904
35.84795477333333,127.13334146666666,-110.11901567312698
35.847954728333335,127.13334080166666,-110.9623350247883
35.84795471333334,127.13334019333334,-112.64798631600063
35.847954621666666,127.13333949499999,-112.23865308428068
35.847954566666665,127.13333892,-111.21782052373291
35.84795452833334,127.13333820666666,-112.24871083834668
35.847954521666665,127.13333754833333,-111.80007935910113
35.847954513333335,127.13333695333334,-111.35055798957734
35.847954458333334,127.13333625833333,-109.37046588003031
35.847954449999996,127.13333552333333,-108.06075915241162
35.847954445,127.13333491166668,-107.33390393955887
35.84795444833333,127.13333422666668,-106.76391749237963
35.84795445333334,127.13333349999999,-108.57189596139649
35.847954439999995,127.13333291166667,-109.40188963420927
35.847954370000004,127.13333218499999,-109.57097517173264
35.84795427833333,127.13333154666667,-109.05745449980425
35.84795427666666,127.13333083666666,-110.68123359722696
35.847954224999995,127.13333017333335,-110.62693477376693
35.84795424,127.13332951666668,-112.64153267459044
35.84795420666667,127.13332891166668,-112.1862122125322
35.84795415833333,127.13332831000001,-113.22149950092313
35.847954181666665,127.133327615,-115.59249882621764
35.84795417833333,127.13332696500001,-115.85035927805204
35.847954181666665,127.13332648666668,-116.68185943067145
35.84795421,127.13332580166667,-118.80596911844638
35.847954218333335,127.13332526999999,-119.19628947238313
35.847954103333336,127.13332469999999,-120.0294427928826
35.847954009999995,127.13332408166667,-120.04899291321401
35.847954015,127.13332353833333,-116.28830044503617
35.84795398999999,127.13332298666667,-117.03019931206563
35.84795395333333,127.13332247666668,-116.19553326671726
35.84795392833333,127.13332192833334,-117.24255999065599
35.847953960000005,127.13332141333333,-117.08271770028878
35.84795396833333,127.13332081833332,-118.29515287422466
35.84795393,127.13332022166666,-118.60273520067524
35.847953905000004,127.13331967999999,-117.74110644956863
35.84795388166666,127.13331903333334,-119.93351938475139
35.847953875,127.13331846999999,-118.26868345473936
35.847953845,127.13331789166665,-117.60391562953818
35.84795381166667,127.13331722333332,-119.36545051119134
35.847953798333336,127.1333166,-117.09842429140951
35.847953761666666,127.13331586833334,-117.21711951877415
35.847953804999996,127.13331514666667,-115.8302693279238
35.8479538,127.13331441,-115.02036721083685
35.84795390166666,127.13331367999999,-117.11715297420957
35.847953946666664,127.13331295166667,-117.34239144835816
35.84795395333333,127.13331224833334,-117.4848785106479
35.84795361333333,127.13331164333334,-116.88623518163823
35.84795340166667,127.13331096833332,-115.88516565178202
35.84795329666667,127.13331023333333,-116.73859484833582
35.84795327166667,127.13330958333333,-116.83035475503425
35.847953223333334,127.13330888833335,-116.81209327649782
35.84795312999999,127.13330822333334,-115.41253891818238
35.84795322666666,127.13330752166667,-116.27371543822174
35.847953110000006,127.13330689166666,-116.1771351385058
35.84795308333333,127.13330624166669,-115.894752129193
35.847953061666665,127.13330565333332,-115.36826385561045
35.84795304666667,127.13330501333333,-117.0557157173107
35.84795312166667,127.13330435166667,-118.46853779673742
35.84795304666667,127.13330365166667,-119.07867395512385
35.84795311833333,127.133302975,-119.75519999349234
35.84795309333333,127.13330236666667,-116.8690675206919
35.84795309833333,127.13330168333331,-115.49462969163265
35.847953125000004,127.13330107666667,-116.0205942752903
35.847953055,127.13330043666669,-117.08270304694969
35.847953175,127.13329983500002,-117.65697667773695
35.847953213333334,127.13329924,-117.64621961320265
35.84795301,127.13329881166668,-116.20119523830799
35.84795294333333,127.13329823833334,-117.17012862122712
35.847952936666665,127.13329771166667,-115.35203542788949
35.84795293166667,127.13329706833335,-117.25649471845861
35.84795290833333,127.13329649999999,-119.19538636261866
35.84795294166667,127.13329587833331,-118.75748156110636
35.84795291166667,127.133295165,-121.04918006611442
35.84795293166667,127.13329461666666,-120.459032520909
35.847952934999995,127.13329395999999,-121.24003138218411
35.84795295666667,127.13329336333332,-119.99274896492031
35.847952873333334,127.13329281333333,-117.80366741587683
35.84795284166667,127.13329219500001,-117.7130486390731
35.847952846666665,127.13329159333334,-116.5180114176505
35.847952856666666,127.13329099833332,-114.1081163303189
35.84795283166667,127.13329036666667,-111.73019618801752
35.84795282,127.13328981833335,-113.60718950135809
35.84795278833334,127.133289175,-110.64780858807339
35.847952575,127.13328861500001,-113.78233697105681
35.84795249166667,127.13328737333335,-112.49702626424686
35.84795249666667,127.13328673,-113.4118031262965
35.847952435,127.133286095,-113.79444666559804
35.84795241,127.13328543499999,-112.53734792449119
35.84795236666666,127.13328482833334,-114.43065541271582
35.84795234333333,127.13328423833333,-114.38737597801064
35.84795233666667,127.13328366166667,-113.76455828783286
35.84795259333334,127.13328293666667,-113.0035207920451
35.847952645,127.13328236000001,-114.78144315718265
35.84795268333333,127.13328177666666,-116.55178094123485
35.847952719999995,127.133281185,-115.3722202433112
35.84795247666667,127.13328067333332,-115.72294936327951
35.847952363333334,127.133280075,-116.30060595861691
35.847952289999995,127.13327941333334,-116.45141002177976
35.84795067833333,127.13324544166666,-117.68168293187593
35.84795062833334,127.13324471166668,-116.54365613701871
35.847950595,127.13324403166668,-116.9428882157199
35.847950643333334,127.13324331666666,-116.5954780717511
35.84795058833333,127.13324268166667,-117.58868791094118
35.847950581666666,127.13324193333334,-116.39292146288723
35.84795058666667,127.13324119833332,-115.8213571275755
35.84795053166667,127.13324048999999,-115.62455303326982
35.84795052333333,127.13323973666665,-114.7252724957828
35.847950491666666,127.13323899500001,-117.01484346759547
35.847950455,127.13323823333333,-116.37348684331116
35.847950435,127.13323755166667,-117.11200681134441
35.84795037166667,127.13323680833334,-114.5119378613111
35.847950321666666,127.13323615166668,-115.71701055310865
35.84795025166667,127.13323544333335,-115.3702814745174
35.847950245,127.13323464333334,-118.0278076497928
35.84795016666667,127.13323393166665,-115.59562141060263
35.84795023666666,127.13323310833333,-117.59285844498987
35.847950235,127.133232405,-116.72722393001595
35.84795027333333,127.13323164,-115.80618398905378
35.84795021666666,127.13323093166667,-115.88111377576965
35.84795020166666,127.13323014666666,-114.39291479265474
35.84795020333333,127.13322949333333,-117.0231746983358
35.84795014666667,127.13322881500001,-118.82507875135329
35.84795012833333,127.13322811666667,-117.8927456947095
35.84795014833333,127.13322736833334,-120.69453953115448
35.84795016333333,127.13322668999999,-123.05530094990894
35.847950159999996,127.13322595666665,-122.3145554194026
35.847950159999996,127.13322523999999,-120.78510913498914
35.847949996666664,127.13322456666668,-120.41026200386001
35.84794991333333,127.13322384166668,-120.45356762771014
35.847949856666666,127.13322309666667,-119.02594073087762
35.847949835,127.13322232833335,-119.40947987413146
35.847949835,127.13322161666669,-119.2214719725678
35.847949846666666,127.13322089166668,-121.05527830964823
35.847949775,127.13322013666667,-120.34771953359696
35.847949871666664,127.13321939333333,-120.9985699302827
35.8479498,127.13321860333332,-118.65259433523609
35.84794977833334,127.13321792666666,-119.07650106533643
35.84794984,127.13321719,-117.29350323696058
35.847949835,127.13321645166667,-118.49543596003282
35.847949846666666,127.13321585666667,-116.14561379348162
35.84794981666666,127.13321523333335,-118.6221710456081
35.84794980666666,127.133214605,-119.52465766719462
35.8479498,127.13321394833335,-119.57158088967473
35.84794984833333,127.13321325999999,-119.58144820367653
35.84794975666667,127.13321259499999,-119.97260875049172
35.84794978666666,127.13321193333334,-117.27431791496547
35.84794977833334,127.13321124666666,-118.07402995955712
35.847949735,127.13321061333333,-116.73526171521075
35.84794970833333,127.13320995000001,-117.3649698977496
35.847949748333335,127.13320923,-119.54957888149701
35.847949715,127.13320855833332,-120.2712722613323
35.847949675,127.13320784333334,-120.04830928548996
35.847949680000006,127.13320707833333,-121.63812501856994
35.84794963333333,127.13320635333334,-119.72800928899733
35.847949575,127.13320551999999,-121.65319303541496
35.84794951166667,127.13320479999999,-120.976766426093
35.84794950333333,127.13320404,-120.93149015096054
35.84794949,127.13320324833333,-121.12323280954502
35.84794941833333,127.13320250166667,-120.15609320060217
35.84794945833333,127.133201695,-121.77409025468853
35.847949344999996,127.13320086,-122.01309698616784
35.847949395,127.133200115,-120.60882559731836
35.84794931166667,127.133199315,-122.24139472940658
35.84794923333333,127.13319849833333,-120.28639282091127
35.84794922166667,127.13319770833331,-118.8056631034109
35.84794917833334,127.13319701333333,-120.0705422107783
35.84794909666667,127.133196205,-120.64849256103274
35.84794898166667,127.13319550833333,-119.89192202727072
35.84794900333333,127.13319475833332,-122.05285501213733
35.84794898166667,127.13319394999999,-123.50195809075431
35.84794895666666,127.133193175,-124.61713983326028
35.84794891,127.13319236333334,-123.38665760124519
35.84794893,127.13319154333334,-123.27667549721087
35.847948815,127.13319070499999,-119.16250605641277
35.847948859999995,127.13318993833333,-119.4056593774057
35.84794874166666,127.13318908499998,-116.60669934498856
35.84794865,127.13318831833334,-115.24572576231338
35.847948636666665,127.13318753,-114.07693677841587
35.84794865,127.13318670333335,-115.2222581783106
35.84794863,127.13318598333332,-116.20503349786298
35.847948591666665,127.13318526500001,-120.37412554465247
35.847948585000005,127.13318452333333,-119.30172468384404
35.84794860833333,127.13318378166666,-120.59757825672857
35.84794856833333,127.13318303166668,-120.89013329143637
35.84794860666667,127.13318240333335,-118.2458492641769
35.84794861,127.13318160333334,-118.07465770203042
35.84794854,127.13318088333332,-117.00745547020729
35.8479485,127.13318017666667,-116.11513056759912
35.847948421666665,127.13317943833333,-117.10083237091727
35.847948448333334,127.13317862500001,-117.3543594239937
35.84794837833333,127.13317792499998,-116.72492354277236
35.847948366666664,127.13317717333332,-117.65895811780271
35.847948376666665,127.13317641833333,-114.78560576882886
35.847948295,127.13317574,-117.61123199931411
35.84794827666666,127.13317504,-117.00760500751575
35.847948249999995,127.13317430833334,-118.50741220383236
35.847948245,127.1331736,-119.96986396405867
35.847948214999995,127.13317289333332,-120.91208396097163
35.84794816333333,127.13317219500001,-121.15117891848729
35.84794817,127.13317149499998,-120.57065646377792
35.847948128333336,127.13317086166666,-120.77505575970817
35.84794813166666,127.13317015666668,-121.96366413400024
35.84794807833334,127.13316946666667,-123.46197642383741
35.847948065,127.13316879333334,-121.08772111679284
35.847948028333334,127.13316816333332,-119.41613445012068
35.84794798833333,127.13316740999998,-119.93784293060209
35.847948018333334,127.13316680833334,-118.74708706156389
35.84794797333333,127.13316610333335,-118.11849748024227
35.84794797333333,127.13316536833332,-116.91015601328687
35.847947956666665,127.13316466333332,-116.10139879637477
35.84794793166667,127.133163955,-117.38200491761258
35.847947868333335,127.13316326500002,-119.4460647233419
35.847947868333335,127.13316259166668,-121.06162953883147
35.847947786666666,127.13316191,-121.21613895656249
35.84794779,127.13316121833334,-120.7266471367966
35.84794776166667,127.13316060666666,-121.69584993705519
35.84794770333333,127.13315991666666,-122.2107567288916
35.84794765833333,127.13315928166666,-121.78198948153754
35.847947569999995,127.13315858833333,-122.36694538207378
35.847947555000005,127.13315787833332,-120.3064734627321
35.847947536666666,127.13315717166667,-124.0008943563509
35.847947438333335,127.13315642666666,-122.49041417113455
35.84794741333334,127.13315566000001,-124.35574576339205
35.84794741666666,127.13315494833333,-123.44394138005475
35.84794732333333,127.13315423166665,-122.88998836377621
35.847947233333336,127.13315345499998,-120.53535097436959
35.84794720666666,127.13315270166667,-120.99523169136626
35.84794719166667,127.13315200500001,-120.43858750409487
35.84794716333333,127.133151215,-122.25157814932555
35.847947158333334,127.13315053333332,-123.81560055248475
35.847947143333336,127.13314984666667,-123.67525869779917
35.84794712,127.13314907666667,-120.9853844009507
35.84794712666667,127.13314834833334,-118.86478148006718
35.84794708833333,127.13314759833332,-120.14080213964156
35.847947090000005,127.13314687666667,-118.92302761857974
35.847947051666665,127.13314613166668,-118.68935502760367
35.84794707166667,127.13314536666667,-116.61314503269803
35.847946995,127.13314466333334,-116.80425796317162
35.847947005,127.13314395166665,-118.30611581863677
35.84794697833333,127.13314325333334,-117.62556644233108
35.847946908333334,127.13314258166665,-115.14622037908406
35.847946845,127.13314189666669,-115.6315019284596
35.847946825,127.13314116666668,-116.49007441244534
35.84794684333334,127.13314047666667,-115.26526303606215
35.847946721666666,127.13313978166667,-112.43332362303084
35.847946754999995,127.13313908333333,-113.17291628109597
35.847946748333335,127.13313826833334,-111.15972473186466
35.847946645,127.13313756666666,-111.53971232600622
35.84794668333333,127.13313685333333,-111.28432475173575
35.84794658333333,127.13313611500001,-113.1189389134784
35.847946603333334,127.13313539166666,-113.39107244491026
35.847946504999996,127.13313466166667,-113.33947203538557
35.847946455000006,127.13313392,-115.60496916393288
35.84794639166667,127.13313325333333,-116.44033823942989
35.84794639166667,127.13313256333335,-116.49207484350838
35.847946373333336,127.13313184833332,-115.6970615184478
35.847946371666666,127.13313111333333,-114.11169087302224
35.84794633833334,127.133130365,-114.43450762312
35.84794627,127.13312964,-112.83059759371513
35.84794625333333,127.13312900166666,-114.33096351359167
35.84794617833334,127.13312832166666,-115.69929877002453
35.847946138333334,127.13312760166667,-115.4321236207732
35.847946145,127.13312701666668,-114.24115635633903
35.84794608833333,127.1331263,-115.97680622959636
35.84794603666667,127.13312563166667,-113.33437587615009
35.84794599166666,127.13312498333335,-113.42775538240318
35.84794594833333,127.13312432333332,-111.29398999225054
35.847945955,127.13312357166666,-112.52500601748545
35.84794593833333,127.133122895,-111.26653382377197
35.84794589166667,127.13312214333334,-112.47736144253409
35.847945841666665,127.13312144333334,-113.25143787657824
35.847945859999996,127.133120725,-113.25433754975109
35.847945816666666,127.133120005,-111.5449342553508
35.847945815,127.13311931499999,-111.32384847145757
35.84794582666667,127.13311861333335,-108.65552041965609
35.84794581333333,127.13311797,-108.99945245837428
35.84794578666666,127.13311735833334,-107.14072185531836
35.847945851666665,127.13311673333334,-104.09054563254837
35.84794584833333,127.13311618666667,-102.82719767299396
35.84794583666667,127.13311556833332,-103.54164971673505
35.847945796666664,127.13311502333333,-103.76544646488884
35.847945728333336,127.13311446833335,-106.55944546606628
35.84794566666667,127.13311387,-108.25343560373132
35.84794567833333,127.13311325499998,-108.96815415301651
35.847945610000004,127.13311265666668,-108.6787101944714
35.84794553166667,127.13311202333334,-109.81635249978473
35.847945511666666,127.13311139000001,-110.15311165067314
35.847945513333336,127.13311075833332,-112.21890612745793
35.84794546,127.13311006,-114.65263054096552
35.84794543666667,127.13310936666667,-116.08009468108851
35.84794543333333,127.13310865166667,-115.67126785053735
35.84794544666667,127.13310811833335,-114.17520675260153
35.84794540833333,127.133107425,-115.12656506711163
35.84794545666667,127.13310672833335,-114.05617799734935
35.84794537166667,127.13310596166666,-113.54129779218137
35.84794532666667,127.13310533166666,-113.59844249784098
35.84794533,127.13310462666668,-112.34571795769087
35.847945285,127.13310393666667,-108.1534047873304
35.847945278333334,127.13310316166665,-103.61593680351243
35.84794528333334,127.13310239833332,-97.73926378693919
35.847945275,127.13310165,-92.61696021527264
35.847945249999995,127.13310086000001,-89.68171978824812
35.84794522833333,127.13310018666668,-89.1198662318212
35.847945188333334,127.13309947666667,-87.18944310106414
35.84794515333333,127.13309874333332,-84.50285743108361
35.84794517833333,127.13309794166668,-78.67856982352669
35.84794513333333,127.13309731833333,-77.9303849979408
35.84794507,127.13309662000002,-73.53002937689638
35.84794503666667,127.13309591500001,-67.73490355573841
35.847945038333336,127.13309532333332,-65.84821820133754
35.84794495166667,127.13309463833333,-59.835619991290955
35.84794485333334,127.13309401833334,-58.42415569422782
35.84794488666667,127.133093425,-56.36137008652469
35.847944858333335,127.13309282,-53.46455888759025
35.84794486166666,127.13309223166668,-52.376044881056366
35.84794481166667,127.13309169833335,-50.74817453504646
35.84794482833333,127.13309104166667,-51.11910319726121
35.84794480166667,127.13309046666667,-49.376918061984824
35.847944758333334,127.13308987999999,-48.35718144606743
35.84794465833333,127.13308927499999,-48.10654024743849
35.84794461333333,127.13308869666668,-45.058246902491064
35.8479446,127.13308817166666,-42.12361801596088
35.84794450833333,127.13308765166667,-40.04832871825905
35.84794444,127.13308710499999,-38.28242760359765
35.84794437833333,127.13308654333332,-35.568637162268566
35.84794429666667,127.133085935,-32.890270354352104
35.84794427333333,127.13308528499998,-31.189262951042345
35.847944168333335,127.13308464166667,-31.34647859173607
35.84794410833333,127.13308400166667,-29.642790726254837
35.84794411666667,127.13308330833334,-28.200079072876527
35.847944006666665,127.13308267333332,-26.897602898801548
35.84794401333333,127.13308201666665,-23.711164195902963
35.84794394,127.13308140166667,-23.460767893300805
35.84794392,127.13308084500001,-23.172698125327557
35.84794392833333,127.13308031666665,-24.50608993868766
35.847943898333334,127.13307986,-24.995789957395054
35.84794389166667,127.13307936000001,-25.894166291437482
35.847944215,127.13307242833335,-25.026440979090186
35.84794429,127.13307246000001,-25.255176947058608
35.84794445833334,127.13307244333333,-23.732878757667237
35.84794462166667,127.13307249166668,-22.71286503748266
35.84794471833333,127.13307250166666,-22.365556482509934
35.84794483833333,127.13307251500001,-21.918222557508063
35.847944940000005,127.13307255333332,-21.814054414518285
35.84794505333333,127.13307255666665,-21.623718474458013
35.847945195,127.13307256000002,-21.09077240506022
35.847945343333336,127.13307235166667,-22.199969367822035
35.84794552166667,127.133072235,-21.71761915456354
35.8479457,127.13307222999998,-21.319923492441927
35.84794589333333,127.13307210666666,-21.229697152921148
35.84794603833333,127.13307199666666,-21.606880834377186
35.84794612666667,127.13307194,-20.376504114039435
35.84794613,127.13307194166667,-20.21185963135942
35.84794613333334,127.13307194666667,-20.641049332959042
35.84794611833333,127.13307196,-20.48255284665513
35.847946115,127.13307195500002,-20.716093172387378
35.84794609833333,127.13307195833335,-19.37247609559747
35.84794608166667,127.133071945,-20.231806378557867
35.847946064999995,127.13307195666667,-22.120829280975848
35.84794599166666,127.13307193,-22.795436318616694
35.84794595166667,127.13307192333332,-22.913604696704848
35.84794584833333,127.13307189500001,-23.03336437234892
35.847945715,127.13307188833332,-21.833705515006866
35.84794556666667,127.13307188333334,-21.659068041183755
35.847945403333334,127.13307188833332,-22.744159536990598
35.847945233333334,127.13307186499999,-20.384546334435584
35.84794508,127.13307182166666,-21.14916263337759
35.847944950000006,127.13307181666666,-21.0469835211739
35.847944813333335,127.13307175,-20.673366262945382
35.847944686666665,127.13307173833333,-20.77543119878155
35.84794456833333,127.13307176333335,-20.62104454432889
35.84794443166666,127.13307173833333,-21.10314025290298
35.847944285000004,127.13307170333334,-19.31052697372152
35.847944065,127.13307171,-19.21679041297462
35.84794384333334,127.13307168166666,-19.632490710172835
35.847943631666666,127.13307162499999,-17.59263975101052
35.84794341833333,127.13307162000001,-18.855449211488033
35.84794319,127.13307157833333,-18.984964930261448
35.84794295,127.13307156499998,-19.037670178124397
35.847942689999996,127.13307156666666,-17.74153939794971
35.84794244,127.13307154166665,-18.259656112942153
35.847942225,127.13307152166665,-20.234626344006756
35.847942028333335,127.13307149166667,-20.26675617413307
35.84794180833333,127.13307147166667,-19.668524114462723
35.847941604999995,127.13307145499999,-17.904390265173987
35.84794136833333,127.13307143166666,-17.67386531572734
35.847941065,127.13307145666667,-18.60716464126101
35.84794078,127.13307145666667,-18.552002267502147
35.847940503333334,127.13307144999999,-16.330651032155657
35.847940215,127.13307143666667,-16.40953198266585
35.847939921666665,127.13307142166666,-17.578693047150082
35.847939605,127.13307140666666,-17.271589473280525
35.84793926666667,127.13307139166666,-16.103980199117068
35.847938975000005,127.13307141166666,-16.626842002180314
35.847938705000004,127.13307140999999,-17.00887173880936
35.84793847833334,127.13307140500001,-16.676329483542318
35.84793823,127.13307140666666,-16.029145232007526
35.84793797166667,127.13307139666668,-15.104830126822758
35.84793765833333,127.13307140500001,-14.40176819234604
35.847937365,127.13307141833333,-13.976782598140497
35.84793707166667,127.13307139166666,-13.095654220848417
35.84793679,127.13307136999998,-14.083308888491159
35.847936475,127.13307138833333,-14.321283789183784
35.847936145,127.13307137666668,-15.616234083365356
35.847935799999995,127.13307140833334,-14.672658555333566
35.84793541333333,127.13307144000001,-15.05872290813567
35.847935076666666,127.13307142333333,-16.256962334159486
35.84793475166667,127.13307143166666,-16.6919526571623
35.84793438,127.13307143166666,-16.951085184562174
35.847933956666665,127.13307145499999,-16.977236306891847
35.847933610000005,127.13307146999999,-15.325125569267895
35.847933215,127.13307148999999,-16.44940259046085
35.847932871666664,127.13307148166665,-14.818358656333478
35.84793249,127.13307148666667,-15.326114393709148
35.84793214,127.133071495,-16.38526943701308
35.84793173,127.13307151166667,-17.05765221745381
35.84793138,127.133071535,-16.435982535940067
35.84793095,127.13307154833335,-15.403187954287516
35.84793045833333,127.13307158499998,-14.873701153801914
35.847930004999995,127.13307164999999,-15.505632521900294
35.847929555,127.13307170333334,-14.537167819810595
35.847929125,127.13307173666665,-15.909271853933062
35.84792862333334,127.13307181666666,-14.550629836729481
35.84792822166666,127.13307186666667,-14.86928689198708
35.84792784333333,127.13307187500001,-14.211776381874998
35.84792742166667,127.13307188333334,-14.047368922833149
35.847926980000004,127.13307193333334,-15.398940385416614
35.847926576666666,127.13307194,-14.36293861984681
35.847926205,127.13307197166665,-13.393976902094698
35.847925753333335,127.13307204666668,-12.948721801493893
35.847925303333334,127.13307208500001,-9.64241895626629
35.847924985,127.13307207999999,-9.866718683706337
35.847924585,127.13307207166666,-7.195524229312914
35.847924150000004,127.13307205000001,-4.609279921801496
35.84792376,127.13307212666665,-2.3744494118414377
35.84792343,127.13307218666665,1.6284565609489052
35.84792307666667,127.13307224500001,5.1853090508079
35.84792271333333,127.13307227499999,7.978534984253034
35.847922376666666,127.13307228000001,10.911717867278067
35.847922026666666,127.13307228166666,18.75710405996713
35.84792171833333,127.13307230000001,19.590063913158207
35.847921426666666,127.13307229499999,23.48716907729949
35.84792112666666,127.13307229166666,28.183384621361395
35.84792081666667,127.13307236,36.37493689859056
35.84792048166666,127.133072415,39.3407885309942
35.84792013833333,127.13307244333333,47.98469584866522
35.847919805,127.13307248000001,53.15692846614307
35.84791946666667,127.13307250999999,55.85242460599858
35.847919125,127.13307254666667,58.86308799948024
35.847918791666665,127.13307261,65.53085524739504
35.84791846833333,127.13307266166666,72.22651456749229
35.84791814166667,127.13307269833334,76.29659717587995
35.847917833333334,127.13307270166666,79.20531888001304
35.847917546666665,127.13307273000001,85.43294286200451
35.84791724833334,127.13307274333334,93.38377934915464
35.847916993333335,127.13307277,97.85066525980261
35.84791670166667,127.13307280666668,102.6621639932139
35.847916395,127.13307280666668,104.55123304003992
35.84791605333333,127.13307281833335,106.10148831494192
35.84791567833334,127.13307292833333,105.30079939934556
35.84791530333334,127.13307304,107.9880688400191
35.84791493833333,127.13307314833334,108.9322013691295
35.84791459833333,127.133073275,109.52185695454534
35.84791434333333,127.13307338499999,109.67678547158499
35.84791405666667,127.13307348166667,108.85096315771517
35.84791370666667,127.13307363999999,109.17704018485117
35.847913365,127.13307384,108.18821151816636
35.84791301333333,127.133074075,110.37691291743596
35.84791276833334,127.13307419833333,109.16501939840731
35.84791250333333,127.13307438666668,109.87060539719039
35.84791223,127.13307458833333,111.07881463346298
35.84791199666667,127.13307479333335,110.13774198838793
35.847911798333335,127.13307501833333,109.88314574972736
35.847911583333335,127.13307527166668,110.14506297827006
35.84791138666667,127.13307551499999,109.42436227776393
35.847911206666666,127.13307578666667,111.05397508854364
35.847911008333334,127.13307607666665,110.58211638064893
35.84791078333333,127.13307641333334,108.80522328843885
35.84791062833334,127.13307670499998,109.71792087624269
35.847910481666666,127.13307701333333,111.03154799444343
35.847910385,127.13307728333332,113.74330243636643
35.84791026166667,127.13307750166665,113.3426552371696
35.847910165,127.13307770000002,113.03491781775546
35.847910021666664,127.13307795333334,108.20376658277549
35.84790992333333,127.13307815666667,107.48567649721726
35.84790984833333,127.13307827166666,107.20316262720542
35.847909763333334,127.13307833833332,103.68912253300216
35.847909736666665,127.13307819000002,103.92747244491724
35.84790975833334,127.13307785333333,103.0533847718299
35.84790975166666,127.13307742999999,106.16367447442663
35.847909718333334,127.13307686666667,102.42192329177303
35.84790973166666,127.13307624833332,106.06941844718472
35.847909693333335,127.133075645,103.82781335961558
35.84790970833333,127.13307504666666,103.60742049780723
35.847909683333334,127.13307441,105.06411719821618
35.84790966166667,127.13307387333334,104.40727291833014
35.84790963666667,127.13307330666666,107.65364358749481
35.84790962666667,127.13307271999999,107.59601117066185
35.84790960666667,127.13307244166666,107.93040856755411
35.84790959666667,127.13307224833333,108.36274973658308
35.84790957,127.13307219000002,108.63912863504186
35.847909595000004,127.13307219833332,109.87994288525917
35.847909591666664,127.13307226166668,109.1913353929308
35.84790958333333,127.13307239,109.0846453229711
35.847909601666665,127.13307255666665,110.6509304909147
35.84790959833333,127.13307272499999,111.37463427799314
35.84790961333333,127.13307293000001,110.94484883260822
35.8479096,127.13307315333334,111.1126375406904
35.84790965166667,127.13307339166667,113.64409449969489
35.84790968166667,127.13307365,112.75646277149987
35.847909654999995,127.13307389833332,113.40612470607104
35.847909675,127.13307412833335,112.66760114703608
35.847909644999994,127.13307434666667,113.83296590991708
35.84790962666667,127.13307458666668,111.70613943811419
35.847909638333334,127.13307486999999,114.18567998308568
35.84790966,127.13307528166666,115.13549186290727
35.84790970833333,127.13307568166668,114.40075146478563
35.847909725,127.13307611500001,113.82317537583546
35.84790973333334,127.13307659499999,112.49692920998785
35.84790972333334,127.13307701833334,113.87852366392045
35.84790972333334,127.13307744833334,114.30140325784458
35.84790977,127.13307788166667,110.48914386347941
35.84790975666667,127.13307832500001,111.95981540161831
35.84790974333334,127.13307876166667,110.22178277628649
35.847909738333335,127.133079195,110.85041194007833
35.847909699999995,127.13307962166667,110.37808106600413
35.84790966,127.13308008,111.86270742961581
35.84790963166667,127.13308050666667,110.37390571966769
35.84790960333333,127.133081015,111.77367191537688
35.84790957166667,127.13308197166667,109.53468092117419
35.84790951,127.13308249666667,111.03059180701409
35.84790949166666,127.13308303000001,110.91047911905092
35.84790946333333,127.133083635,112.20860788125013
35.84790947666667,127.13308410166668,112.50948083565987
35.84790946666667,127.13308470166666,114.41914585653875
35.847909468333334,127.13308526,112.8624414798159
35.84790947166667,127.13308584833334,113.56338127707059
35.84790947166667,127.13308646499999,113.61010813014126
35.847909484999995,127.13308705833333,114.20280388503022
35.84790949666667,127.13308768333333,114.78164665988328
35.84790951666666,127.13308831833335,114.58812850779205
35.84790953,127.13308893666665,115.3145519370921
35.84790952833334,127.13308953666667,115.31742188572177
35.84790954333334,127.13309009166666,114.71085026127042
35.847909533333336,127.13309122500002,112.22335815264907
35.847909585000004,127.13309179166666,112.30863905589209
35.84790958833333,127.13309232499999,113.63469923141706
35.84790962333333,127.133092855,115.8220519536482
35.847909611666665,127.13309335500001,114.48825611600219
35.847909611666665,127.13309388666667,115.12023728864865
35.84790963333333,127.13309440666666,111.56868435654043
35.84790968166667,127.133094975,110.91376058999849
35.847909728333335,127.13309546500001,110.11729848112319
35.847909728333335,127.13309597500002,111.32080320534762
35.847909718333334,127.13309647666668,110.62975258119751
35.84790974166666,127.13309697166666,110.8447668034086
35.847909755,127.13309742333334,111.37450046621078
35.84790978,127.13309786833334,111.40634350209461
35.84790975833334,127.13309835833334,112.69833974063224
35.847909781666665,127.13309878,112.02321760014213
35.847909836666666,127.13309923,110.20381934307949
35.847909863333335,127.13309968166668,110.99090679456094
35.84790987833333,127.13310015833333,110.3635266382494
35.84790989,127.13310067166667,109.6587326011058
35.847909945,127.13310121,107.78009674146871
35.847909933333334,127.13310175666666,108.51034802413409
35.847909953333335,127.133102265,106.88426994006063
35.847909975,127.13310284666667,109.32162470916346
35.84790998333334,127.133103375,109.38937609144791
35.847909924999996,127.13310393833332,111.16809604450377
35.84790991,127.13310450333331,109.03433888005004
35.84790989666667,127.13310503,111.4427070452658
35.84790989333333,127.13310557166666,109.9636257743488
35.847909918333336,127.13310616333335,110.11329191433282
35.84790993166666,127.13310669166667,111.94423546567072
35.84790992333333,127.13310723000001,111.44068283119968
35.847909941666664,127.13310776833332,108.5628158690002
35.84790997166667,127.13310830500001,111.30579586259428
35.847909941666664,127.13310883666666,112.19880307213428
35.84790997,127.13310934666667,109.41740895035754
35.847909986666664,127.13310988500001,110.50625363717064
35.847910015000004,127.13311035666666,110.68931703143454
35.84791001833333,127.13311092333333,112.15470123863925
35.84791006499999,127.13311140333332,110.5768629267867
35.84791009833334,127.133111915,109.93016729497755
35.84791014166667,127.13311244833334,109.91556944155981
35.847910158333335,127.133113015,110.62581155570865
35.84791115666667,127.13313975833334,109.72584322222126
35.847911195,127.133140285,112.86716756727346
35.84791121333333,127.13314079166666,112.76124474672206
35.84791121166666,127.13314127833334,114.15206360832248
35.847911243333336,127.13314171666667,113.23856444750528
35.84791129833333,127.13314222333332,114.68014549086564
35.84791134333333,127.13314269333333,111.41488357014023
35.847911395,127.13314317999999,110.86496271072265
35.84791142666666,127.133143705,111.08733649271089
35.84791140833333,127.13314415666667,111.37811834109644
35.847911429999996,127.13314460333335,110.92135985035148
35.84791141166667,127.13314502333333,110.0834034213506
35.84791144,127.13314549833333,110.68102923067364
35.847911495,127.13314598500001,110.26310083092787
35.84791156666667,127.13314645166665,113.61303896210359
35.847911565,127.13314701666668,111.42676917795514
35.84791157833333,127.13314751166666,112.04057772196148
35.84791160166667,127.13314803,111.58785872351217
35.84791161333333,127.13314863666668,111.29036100524901
35.84791160333334,127.13314919833334,112.24018597042011
35.84791161333333,127.13314980833333,111.66956690832039
35.84791163,127.13315036666667,112.57859807806251
35.84791163333333,127.13315093833334,112.44054872057183
35.847911695,127.13315148166666,111.24970957004281
35.847911726666666,127.13315201333334,110.73284003785972
35.84791174,127.13315260833333,111.92927986455372
35.84791173,127.13315318000001,112.00704609688695
35.847911726666666,127.13315367666668,111.19276557940502
35.847911751666665,127.13315421333333,111.11513547871297
35.84791175833333,127.13315476166666,112.42885101221852
35.84791173166666,127.13315531333335,112.35786576380684
35.847911735000004,127.13315585833334,112.07363225935
35.84791176,127.13315643666668,112.04231519474229
35.84791178,127.13315700333332,113.69383765308612
35.847911788333334,127.13315759833334,113.05499534954406
35.84791182666667,127.13315822999999,112.77217965989239
35.84791187333334,127.133158785,111.84424913302941
35.84791189333334,127.133159345,110.60353689058543
35.84791187,127.13315983666668,113.08706222370402
35.847911935,127.13316044333332,113.3526713077848
35.84791191666667,127.133160905,111.13350789718588
35.84791189333334,127.13316141333334,111.92125629469291
35.84791194666666,127.13316193333334,112.83859714467887
35.84791196333333,127.13316244,113.37628301833756
35.84791199166667,127.13316293499999,113.1290939011541
35.847911993333334,127.13316338499999,112.98693031708959
35.847912055,127.13316386166667,114.31741521896005
35.847912081666664,127.13316433333333,113.52059819945545
35.847912085,127.13316485833333,112.15277175013482
35.847912105,127.13316537166665,113.45000478236604
35.84791219,127.13316584833335,111.6872481994194
35.84791225166667,127.13316635000001,111.80690824568268
35.84791224666667,127.13316684833332,111.65855792076232
35.84791222333333,127.13316739666668,111.32134501391967
35.84791223166667,127.13316792833332,114.2759214489715
35.847912253333334,127.13316845833333,115.06183811261457
35.847912298333334,127.13316895333334,114.99276591863133
35.847912345000005,127.13316945,114.52628652836604
35.84791236333333,127.13316993833332,114.37918343365116
35.84791236666667,127.13317040333335,113.26346050723201
35.847912386666664,127.13317086333333,112.04525309712025
35.84791243833333,127.13317133999999,111.1108420426889
35.84791246166667,127.13317191166668,112.05386136373488
35.847912523333335,127.13317236333333,113.56140937019788
35.8479125,127.13317284499999,111.89269392191167
35.847912560000005,127.133173385,110.0004529890011
35.847912603333334,127.13317388499999,111.30665230164331
35.84791259833333,127.13317436833334,110.10019151082167
35.847912625000006,127.13317490666668,110.17024357895856
35.84791265,127.13317541666666,110.39388076317094
35.847912658333335,127.13317598833333,110.57323615629178
35.84791266166667,127.13317654333332,109.85276783034496
35.84791267666667,127.13317711166668,110.75443436577086
35.847912728333334,127.1331777,108.40558701758813
35.847912746666665,127.13317835666666,109.8916325487535
35.84791279833333,127.13317895333333,109.8457526617157
35.847912826666665,127.13317952666667,111.44604579986148
35.84791285166667,127.13318007000001,110.4930462026971
35.847912873333335,127.133180645,107.78685700032156
35.84791287666667,127.13318125333332,110.29486075682414
35.847912941666664,127.13318174,107.66234765618631
35.847912945,127.13318231666666,106.92087260248019
35.847912895,127.13318282833333,108.1304086222523
35.84791294833334,127.13318341666667,109.77642591744193
35.847912975,127.13318397166668,109.9710102853579
35.84791296833334,127.13318450999999,108.870226995405
35.84791300166667,127.13318507333334,109.20997486596218
35.84791300166667,127.13318562,109.16304428750668
35.84791305666667,127.13318618,109.32690807516012
35.8479131,127.13318665999999,107.96512388425491
35.84791310666667,127.13318718833334,108.45884896955737
35.84791313666666,127.13318773,108.3441467144153
35.847913156666664,127.13318825500001,108.4101715898047
35.84791313666666,127.133188785,108.5437641805816
35.847913168333335,127.13318933166666,110.82272973611491
35.84791316166666,127.13318985166667,111.40870290811856
35.847913168333335,127.13319039666666,113.64388317608913
35.84791317,127.13319093833334,113.43414358235182
35.84791317,127.13319147833333,113.67881116079336
35.84791319833334,127.133192,112.69527257441678
35.847913225,127.13319248166665,111.45589955623302
35.84791328666667,127.13319300833334,113.7231185421563
35.847913285,127.13319357166665,112.27134121389469
35.847913260000006,127.13319418333334,113.31228875744632
35.84791328166667,127.13319475833332,112.02480953090412
35.84791328833333,127.13319536333331,111.18705049791294
35.847913293333335,127.13319602166666,112.32642144328474
35.84791329666667,127.13319664999999,111.34809795865591
35.847913313333336,127.13319725666666,110.4218469262808
35.847913345,127.13319786833333,109.89096556397728
35.84791338,127.13319844000002,108.87840381559151
35.847913436666666,127.13319912333333,109.01561545054422
35.847913435,127.13319971666667,108.1812102842047
35.84791344,127.13320032833332,109.99171693477581
35.84791348,127.133200915,109.80607005379868
35.847913475000006,127.13320153000001,111.66929420292799
35.84791347833333,127.13320216166667,113.92419765892143
35.84791348666667,127.13320272666667,114.75301132137733
35.84791347666667,127.13320332833334,114.12463260524257
35.84791348833333,127.133203945,117.53967601847911
35.84791348833333,127.13320453166668,116.64243047009025
35.847913463333335,127.13320514,115.76522241959044
35.847913545,127.13320575166667,112.79678868946397
35.847913606666665,127.13320629833333,114.08406247373834
35.84791364,127.13320693166666,113.68990715882738
35.84791373166667,127.13320747166667,115.41430177782522
35.84791377333333,127.13320802000001,113.33255657426346
35.847913784999996,127.13320856833334,114.1738257926089
35.8479138,127.13320911500001,114.12160588904655
35.847913813333335,127.13320962333334,115.39468461891019
35.84791382833334,127.13321020500001,113.82764165426944
35.84791385833333,127.13321079833334,113.73330649095477
35.84791386333333,127.13321137,113.38465044621712
35.847913850000005,127.133212,114.225018929174
35.84791392166667,127.13321261499999,110.8125423444679
35.84791389,127.13321329333333,110.83730006979307
35.84791396666667,127.13321392166667,112.30154052025668
35.847913928333334,127.13321452,112.25464478294438
35.847913965,127.13321506166668,110.7994292219778
35.847913911666666,127.13321566166665,112.35231356610089
35.847913905000006,127.13321619166666,111.37593461345793
35.84791392333333,127.13321673,111.07100760435367
35.84791393,127.13321730000001,110.4060486352647
35.84791393,127.13321784666665,108.50367889905921
35.84791391500001,127.133218455,109.11029332649424
35.847913958333336,127.13321897166666,111.06312828307303
35.847913919999996,127.13321960166668,110.3816299109734
35.84791393666667,127.13322015500002,110.33319255490484
35.84791398666667,127.13322075166667,111.96372227609702
35.84791400333334,127.13322137166666,111.90009260731198
35.84791406,127.13322198333331,110.58867662597342
35.847914053333334,127.13322257666665,112.5613325092344
35.84791413000001,127.13322321166667,113.8438968703635
35.84791411333333,127.13322379833335,113.82642603872176
35.84791418333334,127.13322444833332,112.61109544560976
35.847914206666665,127.13322501833333,114.24241828105545
35.84791426,127.13322562500001,113.30740957405823
35.84791422166666,127.13322629499999,114.54245636079071
35.847914323333335,127.13322695666666,113.39534250093347
35.84791435166667,127.13322751333332,113.39757452162952
35.847914388333336,127.13322814,112.5621533675353
35.847914368333335,127.13322873500002,110.6215272169652
35.847914364999994,127.13322928333334,110.66827865559574
35.84791445166666,127.13322979333334,111.17845671237859
35.84791443833333,127.13323037,112.54683978822901
35.847914485000004,127.133230875,112.33580242488499
35.84791451333333,127.13323145333334,111.30689847677078
35.84791454333333,127.13323196000002,110.11095478008356
35.84791455166667,127.13323258500002,110.23690689589864
35.847914599999996,127.13323321499999,110.61464599686087
35.847914681666666,127.13323374666668,112.0250063048779
35.847914638333336,127.13323436,112.2874957942327
35.84791468833334,127.13323496166667,112.52735572502223
35.84791474666667,127.13323553500001,113.93604565845374
35.84791474833333,127.13323610833335,114.26054677431618
35.84791474833333,127.13323667166667,114.78457512398379
35.84791477,127.13323721333333,113.41437015825068
35.84791484666666,127.13323780333333,112.89271929642436
35.84791486833333,127.13323838166667,113.48556190325102
35.84791486666666,127.13323899999999,111.34742191795341
35.847914896666666,127.13323959666668,113.59880453246164
35.847914888333335,127.13324022166668,114.35786329402126
35.847914935,127.13324080166667,113.93152983637637
35.847914958333334,127.13324142833332,116.26834417086778
35.84791501166667,127.13324201166667,115.94887200407776
35.84791499833333,127.13324260666668,116.10869884287642
35.847915005,127.13324318000001,115.56034078143324
35.84791502833333,127.13324370166666,115.15186667019466
35.84791504,127.13324426666668,114.53603946220896
35.847915068333336,127.13324483333332,113.53227477003824
35.847915101666665,127.13324538,113.25423927079353
35.847915135,127.13324591833334,114.37285211696236
35.84791514166667,127.133246415,114.72512799641626
35.84791517166666,127.13324690833333,113.73434664064331
35.84791516333333,127.13324744833332,113.92066782849508
35.84791519,127.13324796999999,113.1137045491557
35.847915224999994,127.13324857333333,113.30148233493257
35.84791520666667,127.13324918333335,114.2691940721741
35.847915291666666,127.13324974166666,111.3989141669377
35.847915335,127.13325037833334,110.43135310100823
35.84791537333333,127.13325102499999,111.26054401258382
35.847915398333335,127.13325167333332,110.98445833583908
35.84791538,127.13325234333334,111.7998178591719
35.84791543166667,127.13325299166667,110.83102514801081
35.847915485,127.13325367833335,111.61653229342133
35.847915495,127.13325439333333,109.96969236027245
35.84791549166666,127.13325511500001,110.6421114815352
35.847915453333336,127.13325584,109.9447815623257
35.84791547333334,127.13325649833332,110.4872621791444
35.84791546333334,127.13325718833333,110.42782825748031
35.8479155,127.13325782166666,112.90034907342411
35.847915478333334,127.13325847,113.10695513838928
35.847915443333335,127.13325906833333,115.58993780095022
35.84791547333334,127.13325968,113.94833975211017
35.847915475,127.133260355,114.86071666070494
35.847915545,127.13326095,114.81348346590026
35.84791555333334,127.13326158666665,114.46545841874281
35.84791555,127.13326216166666,113.39569413909672
35.84791565166667,127.13326274666666,114.22233776730772
35.84791564499999,127.13326337166667,113.0914164699242
35.84791566666667,127.13326389166666,114.19496370012978
35.84791567166667,127.133264475,114.17557354288502
35.84791569166667,127.13326499833332,113.66801449196589
35.847915654999994,127.13326553,115.19466549845623
35.847915695,127.13326610166665,113.86479681444747
35.847915735,127.13326671000002,113.31534860440412
35.84791572666666,127.13326731166666,113.95868622484753
35.84791584166667,127.13326786499998,114.6097112140798
35.847915879999995,127.13326842,112.51038536356523
35.84791584166667,127.13326901666666,112.57515259508526
35.847915895,127.13326956333334,114.81317268092172
35.84791598333334,127.13327015000002,111.6944530788162
35.847916031666664,127.13327075999999,112.4454870178439
35.84791607499999,127.13327133166668,112.50420645457534
35.84791613833333,127.13327197333335,114.14383640108935
35.84791619666667,127.13327259333333,113.64807568093396
35.847916168333334,127.13327322166667,111.99519112087913
35.84791626833333,127.13327387,111.79498790809087
35.847916276666666,127.13327456833333,112.92734136219835
35.84791635,127.13327519666667,113.44541470009612
35.847917595,127.13330223666665,113.09625338237626
35.847917595,127.13330282999999,110.83321724834283
35.847917595,127.13330338666668,108.63965861635016
35.84791757166667,127.13330395166668,112.75098778418122
35.84791759833333,127.13330450999999,113.4695843067731
35.847917635,127.13330503666666,112.87709963011143
35.84791764333333,127.13330558166666,111.80000429087478
35.847917663333334,127.13330611166666,112.10468181555613
35.847917681666665,127.13330672,114.06200296291993
35.84791769,127.13330731166667,112.41155281575276
35.84791773833333,127.13330786333333,112.89735597983345
35.847917745000004,127.133308485,112.21529510757192
35.847917735,127.13330904499999,113.61102620231455
35.84791775833333,127.13330963333334,113.71079216243169
35.84791779166667,127.13331020833333,114.30663505766994
35.84791787666666,127.13331081,115.38603127455086
35.847917886666664,127.13331135166666,115.21435404095145
35.847917906666666,127.13331192166667,116.81495438341247
35.84791795666667,127.13331251833333,115.22822452636163
35.847917978333335,127.13331308833334,116.06411532059882
35.84791799833333,127.13331365833334,115.66906454260456
35.84791795,127.13331425166668,116.60582513678352
35.847917966666664,127.13331481666667,114.34994289258272
35.847918009999994,127.13331536333332,114.58951400309367
35.847918065,127.13331593833333,117.16665554031103
35.847918145,127.13331657333335,114.90249807669825
35.847918183333334,127.13331713499998,113.14553087564377
35.84791823333333,127.13331771166668,113.11962977787387
35.84791824,127.13331828,111.09340118399447
35.84791836,127.13331888500001,111.81858492899778
35.847918443333334,127.13331945166668,111.49717666168367
35.84791842,127.13332005166667,112.24964339035989
35.84791848666667,127.13332063000001,111.93676900738802
35.84791848666667,127.13332127333334,110.19301622979185
35.84791853666666,127.13332190333334,110.5898908335549
35.84791856833333,127.13332252666666,108.88053395839793
35.84791861,127.13332322666665,108.56412968306869
35.84791863,127.13332392666668,108.83963817196802
35.847918705,127.13332461666666,110.14277225225267
35.84791873333334,127.133325275,109.52548852814313
35.847918758333336,127.13332598666666,108.17606414159518
35.847918830000005,127.13332661499999,111.50046137016048
35.847918875,127.13332732166667,110.82503621832736
35.847918916666664,127.13332787666668,109.87286072353984
35.84791893166666,127.13332854333333,109.8710841778098
35.847918916666664,127.13332917833334,111.32923525144595
35.847918916666664,127.13332979833334,109.13573321549303
35.847918985,127.13333043833333,107.527487010643
35.84791898666666,127.13333106666666,109.03974066607516
35.84791899833333,127.13333169833335,107.9860145543806
35.847919045000005,127.13333236666668,108.21594648255613
35.847919043333334,127.13333296,108.1513166726624
35.84791901333333,127.13333356666665,110.7924049820225
35.847919006666665,127.13333411333333,109.780841622467
35.847919041666664,127.13333470833335,109.70048669669043
35.84791905,127.13333533000001,111.84855113058366
35.84791908166667,127.13333589500002,110.90555648892412
35.84791912,127.13333644666666,111.53668338478148
35.84791912833334,127.13333709499999,111.04771360640218
35.84791919833334,127.13333762833332,109.36007292266233
35.847919221666665,127.13333819833333,107.34335725079875
35.84791922333333,127.133338795,107.80690236128507
35.84791925333333,127.13333933500002,108.85354098339388
35.84791922333333,127.13333992833334,109.68554979519666
35.847919260000005,127.13334048833333,110.15243781589007
35.847919265,127.13334104166667,109.19397176039598
35.84791922333333,127.13334158,110.38602527087917
35.847919313333335,127.13334211333334,111.82614251834723
35.84791933333334,127.13334266666668,111.95399070559094
35.84791937333333,127.13334320333334,109.45570856846265
35.84791940833334,127.13334380333332,111.19460049802808
35.84791944166667,127.13334438833333,110.93969618930825
35.84791947833333,127.13334502166666,113.34214594600796
35.84791955,127.13334564166668,113.926372397482
35.84791959166667,127.13334630666668,115.15263916916858
35.847919661666666,127.13334690666667,113.57031708540306
35.847919675,127.13334748500002,111.32631251564153
35.84791973833333,127.13334805333334,112.94214374030248
35.847919686666664,127.13334861,112.89537703913025
35.84791971833333,127.13334925666668,113.02044184386791
35.847919706666666,127.13334982166667,110.39169258076814
35.84791974833333,127.13335050166667,112.46627572207552
35.84791973666667,127.13335119166668,114.42872738103745
35.847919753333336,127.13335181333332,116.67934533544272
35.84791980333333,127.13335241833332,117.13409811788664
35.84791984666666,127.13335305000001,120.29938286498701
35.84791989833333,127.13335368666667,120.13695210439263
35.84791988166667,127.13335435333332,120.27583270180001
35.847919948333335,127.13335497499999,121.00526392743924
35.84791999,127.13335553999998,121.88349716114246
35.84792001666666,127.133356155,125.52221731047678
35.84791996666667,127.13335684999998,127.50966014999858
35.847919983333334,127.133357405,126.3716899683023
35.847920001666665,127.13335805833334,130.83047243335275
35.84791999,127.13335869833332,138.06244976495879
35.847920035,127.13335931166667,142.72649386417066
35.84792004,127.13335996833332,146.27858682433873
35.84792013833333,127.13336050499998,149.69160971199895
35.847920195,127.13336115833333,152.42871308957223
35.84792025,127.13336172666668,158.33183785235
35.84792034833333,127.13336229166667,161.3031902396228
35.84792039666667,127.13336278833334,162.28558670628487
35.84792035666667,127.13336327500001,164.42901818014522
35.847920374999994,127.13336376833334,168.4424483479682
35.84792043833333,127.133364325,169.91857438757523
35.84792047,127.13336483833334,173.09794687219636
35.847920574999996,127.13336532500001,173.87360156069028
35.847920655,127.13336585666666,175.40063683731887
35.84792072166667,127.13336639333332,177.33928058076555
35.8479208,127.13336692166668,178.43483854793297
35.847920824999996,127.13336746000002,178.97856873473273
35.847920898333335,127.13336796666665,-179.47883524692355
35.84792092166666,127.133368465,-178.7277470917083
35.84792095333333,127.13336887333335,-177.98384236307209
35.847920970000004,127.13336927,-178.84238984511433
35.847920975,127.133369705,-179.64635089388398
35.84792098166667,127.13337012333335,-179.72281961149164
35.847921019999994,127.13337054833333,-179.91735224112534
35.84792107166666,127.13337107666666,179.2513062996501
35.847921166666666,127.13337164499998,177.5349531862455
35.84792124,127.13337212666666,176.30871308501324
35.84792138833333,127.13337255833333,175.4293988302727
35.847921508333336,127.133372965,174.89625126654738
35.84792168,127.133373355,174.76166296537582
35.847921899999996,127.13337373333334,174.6855642758485
35.847922108333336,127.13337407166667,174.44233524675934
35.84792229,127.13337438166667,174.8680517908299
35.84792258,127.13337462333332,174.16152166847164
35.847922698333335,127.13337475499999,175.19552342941887
35.84792279,127.13337494166666,175.70203470072835
35.84792281666667,127.13337514833331,176.60886048107795
35.84792302666666,127.13337533666666,176.53728069788892
35.847923183333336,127.13337542833332,178.43246745936796
35.84792332166667,127.13337550833333,178.10629316535136
35.847923468333335,127.13337557499999,178.06580290291453
35.84792345333334,127.13337565166667,178.92036657868348
35.84792345166667,127.13337569,178.83404966989923
35.84792340333333,127.13337567666667,178.7932086404882
35.84792327,127.13337571333335,179.15262576757007
35.84792307166666,127.13337580999999,178.00934959755446
35.847922755,127.13337587833333,178.38152764544427
35.84792232666667,127.13337598166666,177.83307254322213
35.847921975,127.13337608833332,178.40272027208866
35.84792155666666,127.13337617166665,179.21612213563057
35.84792124666667,127.13337621999999,178.8992909222318
35.84792096666667,127.13337624666669,178.53080105611863
35.847920609999996,127.13337623999999,177.60565938731597
35.84792028833333,127.13337625500002,178.7826408010197
35.84791999666666,127.13337625500002,179.19687912786182
35.84791969166667,127.13337622499999,179.75250756281145
35.847919534999996,127.13337615833333,178.97298541445306
35.84791954333333,127.13337611,179.1448737440818
35.84791963833333,127.13337611833335,179.3442543682466
35.847919805,127.13337615999998,179.11791092004407
35.84791999666666,127.133376185,178.60912427683544
35.84792019333334,127.13337618333335,179.16536723884056
35.84792041833334,127.13337620833333,178.45310401775427
35.84792064333333,127.13337624666669,178.63352535957185
35.847921004999996,127.133376285,178.40502176103064
35.847921315,127.13337633333335,178.79758569843258
35.84792166,127.13337634666665,179.2863287012815
35.84792212,127.13337638833333,179.44690212249677
35.84792250666667,127.13337639499998,179.05031557429606
35.84792291666667,127.13337641000001,179.3816773186716
35.84792332,127.13337645333334,179.27459940032202
35.84792373833333,127.13337646,179.45510404911798
35.847924103333334,127.13337643166666,179.14968093272904
35.84792445666667,127.13337640166668,179.70581941237222
35.847924893333335,127.13337640666666,179.50043176051153
35.847925265,127.13337646166669,179.78912403152512
35.84792569333333,127.13337646,-179.63922286549516
35.84792619166667,127.13337641333334,-179.69700627868363
35.8479265,127.13337640833333,179.66164125842158
35.8479269,127.13337639166666,179.4728762528663
35.84792727,127.13337639499998,179.6202974656614
35.847927705,127.1333764,179.5773677448794
35.847928079999996,127.13337641000001,179.24039347946413
35.84792841666667,127.13337639833335,-179.48786306549118
35.84792881166666,127.13337638,179.01944690604307
35.84792920333334,127.13337636333333,179.6068063646142
35.84792960833333,127.13337635333333,179.5950827722208
35.847930053333336,127.13337633666667,179.9710899165547
35.847930495,127.133376345,179.12029114007387
35.84793094166666,127.13337631333334,178.9213770739033
35.8479313,127.13337633333335,178.14358213037616
35.84793173166667,127.13337629166666,177.2618698046536
35.847932148333335,127.133376245,177.82925238008275
35.847932535000005,127.13337623000001,177.00419100852088
35.847932955000005,127.13337618833333,176.99917362209857
35.84793324666667,127.133376125,177.40216180617222
35.84793372,127.13337612,177.4433333847796
35.84793411,127.13337611666665,176.58617900556158
35.84793453333334,127.133376085,177.1222200985222
35.847935075,127.13337601666666,176.94535804051043
35.84793557666667,127.13337595833333,177.17871046727146
35.847936055,127.13337596666666,176.6208975032962
35.84793656333333,127.13337597333333,177.2380143302401
35.84793697166666,127.133375905,176.86289417281432
35.84793738333334,127.13337586000002,176.55101595459467
35.84793783333334,127.13337582999999,176.68429638101776
35.84793819666667,127.13337584000001,176.44954733177337
35.84793866333334,127.13337581333332,176.63637306679178
35.847939098333335,127.13337578166666,176.2378630521159
35.847939526666664,127.13337575666668,176.30434705608792
35.84793998166666,127.13337569,176.41001899360012
35.847940535,127.13337565166667,177.24403594621702
35.8479411,127.13337561000002,177.08979163418587
35.847941506666665,127.13337560166669,177.6777856461992
35.847942008333334,127.13337555333334,176.47389674479675
35.84794256166666,127.13337548666665,176.9815520238743
35.847942884999995,127.13337546333332,177.6106359472673
35.84794325666667,127.13337540666667,176.96666181119514
35.84794377,127.13337536833333,177.47648550763782
35.84794419666667,127.13337530666668,177.04704021034516
35.84794468333334,127.13337526333335,176.97948457025961
35.84794522833333,127.13337517333333,177.33653299242354
35.847945698333334,127.13337510833335,177.07987000349206
35.847946273333335,127.13337509,176.46455915340087
35.847946836666665,127.133375035,176.6804889049567
35.84794730666667,127.13337494333334,176.4647940773509
35.84794787,127.13337496333334,176.8063106247609
35.84794834,127.13337490500001,176.92609805508366
35.847948851666665,127.133374835,176.86177285492937
35.847949295,127.13337479666667,176.42042484550353
35.84794978666666,127.13337474,177.06354928774869
35.84795018166667,127.13337468833333,177.51528049246969
35.84795056166667,127.13337464666665,177.68029264029212
35.84795089833334,127.13337461,176.87628154800205
35.84795132,127.13337457666667,177.25012930046447
35.84795166333333,127.13337459499999,176.844567894778
35.84795205166667,127.1333746,176.9213236026584
35.84795247666667,127.13337453666666,177.3061911543057
35.847952755,127.13337451666666,175.98821672989564
35.84795299666666,127.13337447999999,177.25687602313099
35.847953175,127.13337448166666,176.54923338588375
35.84795331333333,127.13337450166667,177.2331755047442
35.847953266666664,127.13337452166667,176.8128299445597
35.84795329166666,127.13337450666668,176.8825800405164
35.84795331666667,127.13337452166667,176.4564051598409
35.84795331,127.13337455333334,176.91706583303045
35.847953393333334,127.13337454666667,176.93850231106336
35.84795341833333,127.13337455666667,176.77718788109098
35.84795341666666,127.13337456,176.8324649687144
35.847953438333334,127.13337457499999,177.47203053663145
35.84795345166666,127.13337457000002,176.8428877008013
35.84795346333333,127.13337457833335,177.39874758969214
35.84795346333333,127.13337455166666,176.68777870284575
35.847953456666666,127.13337455499999,177.28939592976002
35.847953438333334,127.13337454666667,177.1351485439339
35.847953465,127.13337451166666,176.74658918050136
35.847953448333335,127.13337453999999,176.97791817177816
35.847953413333336,127.13337455000001,176.7707372213202
35.84795342666666,127.13337455499999,177.01193623100625
35.84795340833333,127.13337457000002,176.66089004908395
35.84795339666667,127.13337459333334,176.58633590022382
35.84795338833333,127.13337458,176.8559670308992
35.84795339833333,127.13337459,176.83496340803094
35.84795339,127.13337457499999,177.0668871784849
35.847953393333334,127.13337459166665,176.5262675197978
35.847953415,127.133374625,176.7383415962589
35.847953438333334,127.13337463833335,176.4755707232544
35.847953421666666,127.13337462666665,177.4563921394999
35.84795342333334,127.13337463166665,177.70807061086035
35.847953455,127.13337461333334,177.31052131019237
35.847953446666665,127.133374605,176.8208263192615
35.847953428333334,127.13337460666668,176.9524785994038
35.847953403333335,127.13337460166667,176.85351458497644
35.84795339166667,127.13337459833335,177.33719625471517
35.84795336,127.13337459833335,177.24623772202438
35.84795337833334,127.13337459499999,177.50800998584887
35.847953374999996,127.13337458666668,177.19634998913583
35.847953358333335,127.13337459833335,177.3095669974829
35.84795338333333,127.13337459,177.1098061189289
35.84795336,127.13337458333332,177.38109956494398
35.847953374999996,127.13337455833334,176.61961603872854
35.84795337333333,127.133374565,176.55552896674354
35.84795338333333,127.13337456666667,176.26440485864532
35.847953368333336,127.13337455499999,176.8744576726601
35.84795337,127.13337455333334,176.85566389192695
35.84795337166667,127.13337455666667,176.55157234687644
35.847953368333336,127.13337455499999,177.16573890444755
35.84795334499999,127.133374565,176.55684616179914
35.84795337,127.13337454666667,176.66175456300087
35.84795336333333,127.13337458333332,176.90215953656312
35.847953374999996,127.133374585,177.12768233913144
35.84795337333333,127.13337458333332,176.7580260209604
35.84795338,127.133374585,176.43638449022788
35.847953348333334,127.13337458,177.4035731826939
35.847953376666666,127.13337457833335,177.78467731757138
35.84795335666667,127.13337458,177.43825682783174
35.847953358333335,127.13337456833332,177.22688977998604
35.84795337,127.13337457000002,176.96922209866253
35.84795337,127.13337457833335,176.92351590835221
35.84795334333333,127.13337457833335,177.96288419825572
35.84795335333333,127.13337457499999,177.1049831361781
35.84795336166667,127.13337455333334,176.8594741678496
35.84795336333333,127.13337458166667,176.72922225694776
35.84795337333333,127.13337457499999,176.8166417701457
35.847953364999995,127.13337456,176.77590672561746
35.847953364999995,127.13337458333332,177.7663631651856
35.847953366666665,127.13337459333334,177.13799885036838
35.84795338,127.13337458166667,177.65719459704374
35.84795337833334,127.13337459,177.6482213186972
35.84795336,127.13337458833333,177.02942677723235
35.84795335333333,127.13337459,177.39377633422086
35.84795334499999,127.13337460666668,178.2474115658959
35.847953364999995,127.13337459333334,177.0188517231566
35.847953368333336,127.13337459,176.93148555346835
35.84795335166667,127.13337461,177.73385859367815
35.84795334166667,127.13337459666667,176.99958462932656
35.847953376666666,127.13337459166665,177.1553754067911
35.847953376666666,127.13337459833335,176.714575305284
35.84795339,127.13337458166667,177.34261364557034
35.847953376666666,127.13337459,177.26895094644735
35.84795338,127.13337457333334,176.94892201759936
35.84795334166667,127.13337460166667,177.25024140047205
35.84795336333333,127.13337458833333,177.55203231563945
35.84795334499999,127.13337460833333,176.81071492366925
35.84795334666667,127.13337458833333,177.64391504377463
35.847953325000006,127.13337460666668,177.41429129901124
35.84795334166667,127.13337460333332,177.38874611223372
35.84795335333333,127.133374585,176.68019799668346
35.84795334166667,127.13337460833333,177.10524662345162
35.84795332666667,127.13337461833335,177.07046509598163
35.84795336166667,127.133374625,177.7699072106772
35.847953331666666,127.13337463499998,176.60212736665898
35.847953325000006,127.13337464166668,176.77172274203255
35.847953331666666,127.13337464,177.2822508503949
35.84795335666667,127.13337464166668,177.32905075315844
35.84795338,127.13337463166665,177.35850999281178
35.847953368333336,127.13337465333333,176.99695451608045
35.84795334666667,127.13337466166668,177.41722830618613
35.84795336333333,127.13337467666666,177.31730974032797
35.847953354999994,127.13337467666666,176.941723971012
35.84795335,127.13337466666665,176.9021923265328
35.84795335166667,127.13337466666665,176.73898184838038
35.84795333500001,127.13337465499998,176.76867992028573
35.84795333666667,127.13337466166668,176.66148178652224
35.84795332833333,127.13337464166668,176.38844730233365
35.847953331666666,127.13337464666665,177.28053113828852
35.84795332666667,127.13337465333333,176.8381487376523
35.84795331833333,127.13337464333333,176.88997481221656
35.84795332333333,127.13337466166668,177.3277118661391
35.84795332833333,127.13337465000001,176.54102963600144
35.84795334333333,127.13337464166668,176.97493935249062
35.847953331666666,127.13337464166668,176.8066380028803
35.847953348333334,127.13337462,177.2376369790054
35.84795333500001,127.13337462166668,177.4702752671905
35.84795333666667,127.13337462333332,177.55241603184476
35.84795334499999,127.13337462666665,177.14803376875886
35.84795333666667,127.13337462333332,176.95009594580745
35.84795334166667,127.13337462833333,176.87866716493892
35.84795331333333,127.13337462166668,176.96690352663717
35.84795336166667,127.1333746,177.24815330352592
35.84795335666667,127.13337460666668,177.27223808666574
35.84795339,127.133374605,176.953345460715
35.847953436666664,127.13337461166665,176.66645495657795
35.84795344166666,127.133374625,177.08491678048438
35.84795343166666,127.133374625,176.89925564756564
35.847953436666664,127.13337464,176.8840112823066
35.84795340833333,127.13337465166666,177.18284053790566
35.847953403333335,127.13337464666665,176.6797703333049
35.84795340166667,127.13337465333333,177.01689374165161
35.84795344,127.13337465833335,177.04164847449644
35.847953403333335,127.133374605,176.64452937159746
35.84795337166667,127.13337462,176.76611989167492
35.847953340000004,127.13337463333333,177.02855816764745
35.84795336,127.13337460166667,177.1208149009726
35.847953376666666,127.13337459833335,177.54127318515788
35.84795339166667,127.13337460666668,177.15845652577357
35.847953421666666,127.13337456166667,177.40691683869093
35.84795344,127.13337455833334,177.6931503920695
35.847953435,127.13337457333334,177.26641792527545
35.84795340666667,127.13337457499999,176.98521064375535
35.847953413333336,127.13337456,176.97835169952134
35.8479534,127.13337457666667,176.92517567926805
35.84795340166667,127.133374565,176.8790302950915
35.847953366666665,127.13337459166665,177.09813217159086
35.84795336166667,127.133374585,177.38708446052442
35.84795338,127.13337459333334,177.32521188360377
35.847953395,127.13337457499999,177.4512687358738
35.84795337833334,127.13337460166667,177.55341393947984
35.84795339666667,127.13337457499999,177.1564663845689
35.847953376666666,127.13337459,177.6297318823097
35.84795338666667,127.13337457666667,177.07354168101395
35.84795337833334,127.13337457666667,176.99475896014016
35.847953409999995,127.13337457833335,178.40288794597288
35.84795339833333,127.13337460333332,177.27071228816612
35.847953376666666,127.1333746,176.6733055554785
35.84795341166667,127.13337459499999,177.01470995919414
35.847953419999996,127.13337458333332,178.3491704003419
35.84795339666667,127.13337460833333,177.5643061797689
35.84795341666666,127.13337459499999,177.466200268354
35.84795342333334,127.13337459499999,177.2065614264737
35.847953425,127.13337462,177.53373228318907
35.847953446666665,127.13337459,177.43405482906283
35.847953425,127.13337461666667,177.18075783140796
35.84795346,127.13337458833333,177.1093284392456
35.84795342333334,127.133374615,177.04189647919569
35.847953448333335,127.1333746,176.77384867309766
35.847953435,127.13337461333334,176.81071853445602
35.84795344333334,127.133374615,176.97572093624692
35.84795344166666,127.13337459833335,177.18285188734515
35.847953438333334,127.133374615,177.16774372371094
35.84795343,127.133374605,177.96077140867035
35.847953448333335,127.13337461,177.11683342823142
35.84795347,127.13337459666667,176.85257714713754
35.84795346666667,127.13337459666667,177.28624765945
35.84795342333334,127.13337463833335,177.3651769004346
35.847953376666666,127.13337466666665,176.97480401847764
35.84795335666667,127.13337463166665,177.02392703807627
35.84795336333333,127.13337463499998,177.25075019365542
35.847953393333334,127.13337465166666,177.6627449796964
35.847953354999994,127.13337463,177.0239448678266
35.847953321666665,127.13337468166668,176.7355371376897
35.84795332666667,127.13337469333334,176.62968158951705
35.84795335666667,127.13337468333333,177.02340898738828
35.847953376666666,127.133374665,177.0595620405156
35.84795337,127.13337467000001,176.77901762623506
35.84795337,127.13337466,176.50913110833764
35.847953348333334,127.13337468,176.84427297340832
35.847953354999994,127.13337468,177.33566303818435
35.847953340000004,127.13337468333333,176.9279308034611
35.847953276666665,127.13337465166666,176.90264741676103
35.84795327,127.13337464166668,177.76283675597568
35.84795327166667,127.13337463666667,177.5131914982599
35.84795327166667,127.13337464333333,177.02233066689436
35.84795327333333,127.13337462,176.97272372554352
35.84795327166667,127.13337462,177.49230603324025
35.84795327166667,127.13337462,177.1173581217397
35.84795326166667,127.13337463,177.04253328257104
35.84795324833333,127.133374625,177.50590177856648
35.84795327,127.13337462333332,177.1409637826702
35.84795325166667,127.13337461666667,177.8476272958925
35.847953276666665,127.13337462666665,177.77603434323703
35.84795328333333,127.13337461666667,177.0903299156804
35.847953268333335,127.13337462,177.11069698835766
