35.84795622666666,127.13337709666666,-122.15644158717261
35.84795622666666,127.133377065,-122.54463893534543
35.847956255,127.13337707833334,-122.65354710331486
35.84795624,127.13337706833333,-122.6714114678896
35.847956243333336,127.13337707000001,-123.43503744717476
35.847956223333334,127.13337710166667,-122.9604798003793
35.84795622,127.13337709999999,-123.16375761343551
35.84795622666666,127.13337708499999,-121.57930730667611
35.84795624833334,127.13337707333334,-122.7669591074773
35.84795625,127.13337708666668,-123.27998772768439
35.847956241666665,127.13337709000001,-123.75380128763553
35.847956245,127.13337709000001,-123.92487628643995
35.847956260000004,127.13337707000001,-122.12224394850669
35.847956243333336,127.13337705833334,-122.55203670403216
35.847956268333334,127.13337705,-122.97861779669789
35.84795625333334,127.13337704833333,-122.54542263597425
35.847956286666665,127.13337704333335,-122.36969901420429
35.84795626333334,127.13337705666666,-123.35526925021631
35.847956286666665,127.13337705,-122.88395357797174
35.84795628833333,127.13337705333333,-122.91243693573482
35.84795629333333,127.13337706166666,-123.08693420622706
35.84795628333333,127.13337704333335,-123.71405545235199
35.847956266666664,127.13337708666668,-122.39416657689158
35.847956270000005,127.13337708666668,-123.9862455610075
35.84795625,127.13337705500001,-124.11828869435533
35.847956241666665,127.13337703833334,-122.44177127008314
35.847956243333336,127.13337702833333,-122.88591449560451
35.847956245,127.13337704166666,-123.66528266095027
35.847956265,127.13337705,-123.67097116596591
35.847956276666665,127.13337705166666,-123.44811582864928
35.84795628833333,127.13337707166666,-122.9984741481174
35.84795625333334,127.13337708333331,-122.60939818117471
35.84795627833333,127.13337706666668,-122.88716578294374
35.84795627166667,127.133377065,-121.72291046587807
35.84795625833333,127.13337706166666,-121.78364623718828
35.84795624833334,127.13337705666666,-123.57892059479194
35.847956270000005,127.13337705166666,-122.14989130222459
35.847956268333334,127.13337707166666,-122.60607889268078
35.84795628,127.13337707000001,-121.92218387043475
35.847956275,127.13337709500001,-120.92188334820473
35.84795628333333,127.13337709166666,-121.62679468336073
35.847956268333334,127.13337713499999,-121.49602092143559
35.8479563,127.13337714333332,-121.59466383599975
35.847956348333334,127.13337716833333,-122.5852961926175
35.847956354999994,127.13337721499998,-120.9326956339122
35.84795631833333,127.13337726166668,-120.03751463114168
35.84795632333333,127.13337727666666,-119.79896784045691
35.847956265,127.13337730833334,-121.11222482699173
35.84795630333333,127.13337730166668,-120.10319676893985
35.84795632666667,127.13337723833335,-118.9091538568864
35.84795627833333,127.13337722833333,-117.5382370955244
35.84795628833333,127.13337723499998,-116.05927759182576
35.84795625833333,127.13337725499998,-117.31291584001495
35.847956225,127.13337726666666,-117.5547549642649
35.847956233333335,127.13337724333333,-118.11557323301426
35.84795621,127.13337726333333,-116.99899855659739
35.847956260000004,127.13337723666668,-116.01729608251665
35.84795623,127.13337729000001,-114.4361019002645
35.84795623833334,127.13337732500001,-114.5425298299564
35.847956260000004,127.13337729000001,-113.28307240440036
35.847956243333336,127.13337723833335,-115.34707094844526
35.847956265,127.13337715000002,-116.92254877573271
35.847956251666666,127.13337716833333,-117.5595594977561
35.84795625,127.13337713666667,-118.307952889771
35.847956245,127.13337712166667,-118.64264007863851
35.847956225,127.13337705833334,-117.20463016188695
35.847956221666664,127.13337695666665,-117.60207190973169
35.84795624,127.13337683833333,-117.59867594396526
35.84795627166667,127.13337660999998,-115.85489971207183
35.84795624833334,127.13337633666667,-117.93168335577518
35.84795624666666,127.13337597666666,-116.58435826929171
35.84795621166666,127.13337548333332,-115.48647990640481
35.847956133333334,127.133374995,-116.25259320457769
35.847956149999995,127.13337445999998,-116.55328533609709
35.847956096666664,127.13337391166667,-117.44919709317865
35.847955989999996,127.13337339166668,-117.21070481745049
35.84795593333333,127.13337283499999,-118.42524122117248
35.84795589666667,127.13337223166667,-116.88983645517567
35.84795591499999,127.13337164833335,-118.35835190884173
35.84795587,127.13337103833334,-116.8507701411783
35.84795586,127.13337040333333,-118.23055871219606
35.847955835,127.13336990666667,-118.53809098789507
35.84795585333333,127.13336931333333,-117.25048688332822
35.847955821666666,127.13336877666667,-118.71248667929373
35.847955733333336,127.13336823833333,-118.06380022071693
35.84795571833333,127.13336765000001,-119.85799905250073
35.84795562833334,127.13336708666665,-119.30193320716442
35.847955585,127.13336645666668,-118.25075094109376
35.84795554666667,127.13336589166666,-118.06763930956213
35.84795548666667,127.13336524833333,-116.7079923530352
35.84795544,127.13336471,-116.35856236582713
35.847955453333334,127.13336409833333,-115.98561989050948
35.84795538833334,127.13336349666666,-116.01107483022396
35.847955406666664,127.13336298166665,-113.34646463157351
35.84795538666666,127.13336236666667,-113.87080450047907
35.84795532666667,127.1333618,-114.75622181531237
35.847955255,127.13336124666667,-113.8704834151743
35.847955193333334,127.13336065333333,-114.77679371191623
35.847955238333334,127.13336003499998,-115.17374980386283
35.84795524166667,127.13335936999998,-115.6905019516252
35.84795523166667,127.13335873833333,-114.42728956194358
35.847955235,127.13335808333335,-115.71190750185612
35.84795522833333,127.1333574,-116.5308426861779
35.84795521333333,127.13335675666667,-115.79800114885315
35.847955235,127.13335608833334,-114.70845811618457
35.84795521833333,127.13335545666665,-116.01005765806964
35.847955235,127.13335481,-115.73412385241559
35.847955299999995,127.13335417833332,-115.96120902403933
35.84795528833333,127.13335357333332,-116.7241543952075
35.847955301666666,127.13335297500001,-115.44348997043365
35.84795528166667,127.13335226333332,-114.46726079311182
35.84795523333333,127.13335162,-114.87612101266734
35.847955145,127.13335100166665,-115.52157332765138
35.84795507333333,127.13335024666667,-116.42080213644351
35.84795503833333,127.13334959166666,-114.90306883965526
35.847954995,127.13334882166667,-114.07496978835016
35.847954986666664,127.13334817666667,-114.51459907439828
35.84795491,127.13334746000001,-113.34002355307389
35.84795491333333,127.13334669166667,-114.73080321535824
35.847954879999996,127.13334598333334,-113.26261109629816
35.84795489666667,127.13334528833333,-113.90256976955915
35.84795492,127.133344565,-114.65393828211153
35.847954905,127.13334379499999,-114.01930783923501
35.84795483333333,127.13334304999998,-115.0741832531692
35.847954755,127.13334225499999,-114.92670404739835
35.847954771666664,127.13334149666667,-113.91032135034244
35.84795477,127.13334080999999,-116.42371946771566
35.84795477,127.13333997333332,-115.22622950439069
35.847954738333335,127.13333929833334,-114.70589416354377
35.84795471333334,127.13333853166665,-114.4500117935618
35.847954658333336,127.13333786166667,-114.4344499265235
35.84795466,127.13333711499999,-114.0698747529421
35.84795464333333,127.13333645166668,-113.78439368711139
35.847954555,127.13333576166666,-112.50294980916183
35.84795452833334,127.13333509166665,-111.72988620955641
35.84795458166666,127.13333442333332,-110.15496199755415
35.84795463333333,127.13333369499999,-109.15400812819142
35.84795461833333,127.13333297833333,-107.58991126246194
35.84795464666667,127.13333224333334,-107.26906779249902
35.84795464166667,127.13333152666668,-109.31001906616507
35.84795464166667,127.13333086833333,-109.03322969223093
35.847954615000006,127.13333011666667,-108.23278035544382
35.847954601666665,127.13332940000001,-108.34037025941483
35.847954575,127.13332864666667,-108.7175390350733
35.84795447666667,127.133328035,-109.13262076293773
35.847954435,127.13332727666666,-109.7566655534047
35.84795436,127.13332661499999,-111.27301163438746
35.84795429,127.13332591666668,-111.98894966882148
35.847954296666664,127.133325195,-113.5441047906534
35.847954288333334,127.133324435,-115.82878596723604
35.84795421166667,127.13332367,-114.20719508043243
35.847954243333334,127.13332294666667,-114.70636276813526
35.84795419666667,127.13332221166665,-113.9522947779307
35.847954171666665,127.13332143666666,-112.1002945323824
35.84795416666667,127.133320715,-114.32117831500703
35.84795411,127.13331994833334,-114.75171326413022
35.84795414,127.13331925333333,-114.81107165134344
35.847954126666664,127.13331846833334,-113.47850248524502
35.847954075,127.13331781500001,-113.63333713683227
35.84795403333333,127.13331705833335,-114.35407545609816
35.84795406,127.13331635000002,-114.46923658741741
35.847954083333335,127.13331560333333,-116.31839302063155
35.847954091666665,127.13331488166665,-115.90059148374839
35.8479541,127.13331412499998,-115.84338032938481
35.84795406,127.13331336166667,-115.41753778084406
35.84795401666667,127.13331263999999,-113.70257778184883
35.84795398333333,127.13331189166665,-112.63013046980413
35.84795392,127.13331113000001,-110.65905653140248
35.84795384666666,127.13331038833333,-109.96445628395873
35.847953845,127.13330958,-109.03837495677817
35.847953735000004,127.13330888833335,-108.75672370903126
35.847953715,127.13330815833334,-109.68836444511471
35.847953716666666,127.133307415,-110.0169816207641
35.847953624999995,127.13330677,-110.0227701521014
35.847953605,127.13330608,-110.66491772567899
35.847953573333335,127.13330537499999,-109.34450099712906
35.84795355000001,127.13330461166667,-110.71455247170965
35.84795357666667,127.13330389166667,-109.86892263620089
35.847953608333334,127.13330319666666,-109.44163545779821
35.847953591666666,127.13330243333333,-109.18680197183154
35.84795345,127.13330183499998,-109.48638151677056
35.84795351,127.13330120833334,-110.80033869998185
35.84795331666667,127.13330059500001,-111.4774883755977
35.84795328333333,127.13330000833334,-112.42970757804441
35.84795331,127.13329937833332,-112.29406775398732
35.84795332,127.13329879,-112.00344439613656
35.84795332833333,127.13329823999999,-112.92303383661698
35.84795338666667,127.13329748833333,-111.74026035721064
35.847953368333336,127.13329686333333,-110.18451439176597
35.84795336166667,127.13329623166668,-110.58737584326873
35.84795331833333,127.13329555833334,-110.18434681592063
35.84795325666666,127.13329488833332,-112.66261731231828
35.84795325666666,127.13329422999999,-113.58512951168288
35.847953235,127.13329359166667,-113.60933310585123
35.84795318,127.133292945,-114.72949763382789
35.84795297166667,127.13329227166666,-112.66237965175016
35.847952928333335,127.13329164500001,-115.50569267606835
35.84795289833333,127.13329094666666,-115.97009628880656
35.847952955,127.13329027333333,-114.36767489117577
35.8479529,127.13328963000001,-113.30150032636543
35.84795285833333,127.13328897333334,-111.86616662002473
35.847952865,127.13328828999998,-110.9324626580953
35.84795288666667,127.13328761666668,-110.12008581529048
35.84795287,127.13328695,-109.00111071545774
35.84795282,127.13328625333334,-109.91722908739209
35.84795274,127.13328554833333,-110.99543532373775
35.84795269166667,127.13328488,-110.30269896471451
35.84795264833333,127.13328418333334,-111.32664294628964
35.84795258166666,127.13328348666667,-110.47794889087285
35.847952578333334,127.13328279666666,-110.9197188907849
35.84795254666667,127.13328207166666,-109.65459114180273
35.847952506666665,127.13328138,-110.41834216768261
35.84795251833334,127.13328068000001,-111.50001850144001
35.847952506666665,127.13327994333333,-110.98533483192742
35.84795245666667,127.13327919500001,-111.94554226646956
35.847952371666665,127.13327851666666,-111.9826855099782
35.847952299999996,127.13327775333333,-111.16866977329015
35.847952255,127.13327706166667,-111.32951137479317
35.84795213833333,127.13327639833332,-110.96612096352574
35.8479521,127.13327564833335,-112.2211090269227
35.847952074999995,127.133274975,-113.63945157619693
35.84795196333334,127.13327422666667,-113.26818752256257
35.847951945,127.13327353166666,-113.12224323998456
35.847951975,127.13327282999998,-111.62457717177712
35.84795195833333,127.133272095,-112.14686831128357
35.84795199166667,127.13327138499999,-113.59493993310934
35.84795201833333,127.13327072166666,-112.68039742438239
35.847951925,127.13327007666666,-111.32195586515948
35.84795179166667,127.13326931666667,-111.24453300679778
35.847951715,127.13326858,-109.15118208187747
35.84795169666667,127.13326784333334,-108.56310109732641
35.84795162166667,127.13326700499998,-109.33311158665029
35.84795159666667,127.13326626333334,-107.73241123295995
35.84795159833333,127.13326548666667,-107.8963537710005
35.84795160666667,127.133264665,-107.25255621005864
35.84795153,127.13326387333333,-108.03835187313793
35.84795145333333,127.133263065,-107.87903587106695
35.847951368333334,127.13326235999999,-108.11795140162597
35.847951351666666,127.13326169666668,-108.48549681602873
35.84795137833333,127.133260955,-107.83173841624387
35.847951370000004,127.13326030000002,-109.23339479758876
35.84795140000001,127.13325963333334,-110.27971120159263
35.84795139333333,127.13325888833333,-112.69116315914698
35.84795133833334,127.13325819666667,-113.18579152600581
35.84795124166667,127.13325748999999,-112.44214242821398
35.84795124833333,127.13325667666668,-110.39847379793036
35.847951195,127.13325595166667,-110.06105019485602
35.84795117,127.133255225,-109.7495714544936
35.84795108833334,127.13325445500001,-110.87835752940329
35.84795107,127.13325368833333,-110.38715367460435
35.84795103,127.13325291833334,-110.3930328723649
35.84795099166667,127.13325218166668,-111.83532505450533
35.847950985000004,127.13325139833333,-111.61557323723237
35.84795100666667,127.13325057333334,-111.5544436885758
35.847950999999995,127.133249835,-110.79990858481115
35.847950995,127.13324900833335,-111.65752217868858
35.847950903333334,127.13324818999999,-110.88653638739954
35.847950875,127.13324749999998,-110.3903554177746
35.847950878333336,127.13324670666667,-108.14313413832159
35.847950835,127.13324593500002,-109.46106168419396
35.84795086333334,127.13324522500001,-109.2334186503682
35.847950845,127.13324444166668,-108.98283018567977
35.84795081833333,127.13324374500002,-110.49826195561181
35.847950798333336,127.13324306666667,-108.94588081036464
35.84795076666667,127.13324230166667,-110.41536976409749
35.847950723333334,127.13324155000001,-110.60382188990852
35.84795072166666,127.13324073333334,-111.50392025761484
35.84795069166667,127.13323999166666,-111.1126681916908
35.84795068166667,127.133239145,-112.02780659813025
35.84795065,127.13323831999999,-112.25042729727622
35.84795062833334,127.13323753166667,-113.14088370213757
35.847950589999996,127.13323677666668,-112.12372916687352
35.84795054833333,127.13323602500002,-112.19449107007063
35.84795058833333,127.13323526999999,-110.91195813465463
35.847948715,127.133192225,-112.36863970552615
35.84794869166667,127.13319139833332,-111.30512572246667
35.847948689999996,127.13319064000001,-109.8358547084964
35.84794868166667,127.13318982166666,-109.98044048807259
35.84794858333333,127.13318907833333,-109.0437167807917
35.84794861333333,127.13318835166667,-109.09040095526647
35.84794855,127.13318765500001,-110.27217295703637
35.84794857,127.13318689666667,-111.30895557014912
35.84794856833333,127.13318617833332,-113.50854988196556
35.847948536666664,127.13318542833333,-111.9899637042043
35.84794848,127.13318467666667,-111.5037018142959
35.847948431666666,127.13318385666668,-110.81645845494022
35.84794841833333,127.13318302,-110.32575937630641
35.847948429999995,127.13318231500001,-108.81120805466517
35.84794837333333,127.13318144499999,-107.29250377893119
35.847948331666665,127.13318070833333,-105.79372430000102
35.84794830166666,127.13317990666668,-107.85619748198363
35.847948271666674,127.13317909000001,-106.49782773611679
35.847948259999995,127.13317821999999,-107.05484224258035
35.847948278333334,127.1331774,-107.6455079018178
35.847948271666674,127.13317645166666,-107.83817133666481
35.847948245,127.13317555999998,-107.75948296354365
35.84794820333333,127.13317469500001,-106.27865434566749
35.847948081666665,127.133173785,-106.3656409314428
35.84794804,127.13317290333335,-106.3510576799822
35.847948011666666,127.13317203666665,-106.59082009434532
35.847947975000004,127.13317116166667,-108.15464220227828
35.84794794166667,127.13317036333335,-108.99155724002216
35.847947921666666,127.13316955166668,-107.56884110848405
35.84794791,127.133168785,-107.52762619303603
35.847947911666665,127.13316803333333,-106.12865840453811
35.847947866666665,127.13316727333334,-106.38816966999732
35.847947796666666,127.13316645166667,-106.48166034337139
35.84794776666667,127.13316569666668,-107.59880248734162
35.847947676666664,127.133164935,-106.83090942164559
35.84794766,127.13316417333333,-108.78149838839202
35.84794764,127.13316335166668,-107.2529573355098
35.847947555000005,127.13316251666666,-109.58681761785023
35.847947563333335,127.13316171,-108.70292900079363
35.84794754666667,127.13316077166668,-107.5437519634532
35.847947506666664,127.13316006166666,-108.34973404101541
35.84794744166666,127.13315917833333,-107.00725320374688
35.847947373333334,127.13315832333335,-104.43937800821521
35.84794736333333,127.13315743333332,-104.49037888377968
35.847947268333336,127.13315655,-104.99196077610554
35.847947213333335,127.13315559833333,-105.28652984355635
35.847947086666665,127.13315479333332,-104.60131576844314
35.84794702833334,127.13315391500001,-105.40627569017784
35.84794696166667,127.13315304499999,-105.36250608922366
35.84794689333333,127.13315216499998,-104.47020586440289
35.847946828333335,127.13315134499999,-103.04324780055826
35.847946838333336,127.13315051166667,-102.8705671891896
35.847946803333336,127.13314971,-103.66507738854574
35.84794678666666,127.13314892833333,-104.3710560718256
35.847946754999995,127.13314814833332,-106.65654773389163
35.847946705,127.13314729333334,-105.62851247424621
35.847946595,127.13314640166666,-107.60940639421747
35.84794647666667,127.13314549500001,-107.13389632805257
35.847946445000005,127.13314460833332,-109.39018416762676
35.847946371666666,127.13314371,-111.14608035714568
35.84794622833333,127.13314285666665,-113.94101646286813
35.84794616333333,127.13314190833334,-113.7725736442902
35.847946035,127.13314101666668,-113.91931346582905
35.84794598166666,127.13314011333333,-113.61401555875236
35.84794585666667,127.13313910333333,-114.65038614882451
35.847945743333334,127.13313814666665,-114.20966185761971
35.84794565333333,127.13313721499999,-111.01761810703574
35.84794554166667,127.13313633333334,-110.96722217214173
35.847945386666666,127.13313543000001,-110.83059308083625
35.847945214999996,127.13313453666666,-109.69340678337937
35.847945161666665,127.13313364333332,-109.86202998924412
35.84794500666667,127.13313287999999,-109.15240208339522
35.847944913333336,127.13313210166667,-110.14363377135514
35.847944813333335,127.13313132833333,-110.99121003128312
35.84794474666667,127.13313046666666,-109.48373974642799
35.84794471333333,127.13312967499999,-110.22199087048729
35.847944668333334,127.13312887833332,-110.38026278113709
35.847944631666664,127.13312806999998,-111.18051789727663
35.84794457833333,127.13312726000001,-110.06427057912583
35.847944561666665,127.13312651333332,-109.46576711088758
35.84794454,127.13312566333335,-109.55389847924049
35.84794452166667,127.13312490166666,-110.0779357186102
35.84794449666666,127.13312411833334,-110.06460422619699
35.847944505,127.133123385,-108.64028408682925
35.84794449,127.1331226,-111.04108459890702
35.847944545000004,127.13312186833333,-109.78921343593157
35.847944545000004,127.13312112333332,-109.5196888933307
35.84794454666667,127.133120335,-109.32690059077976
35.84794449,127.13311965,-109.69990685995373
35.847944465,127.13311888166666,-108.32905282025116
35.84794445,127.13311809666666,-109.82264709239477
35.84794444166666,127.13311738333331,-109.83250452363131
35.84794445666667,127.13311657000001,-108.07156518643578
35.847944455,127.13311585166666,-106.52587043248658
35.847944416666664,127.13311516333333,-107.0467520180688
35.847944445,127.13311438166666,-104.85369286270344
35.847944435,127.13311365666665,-104.47749073378836
35.847944415,127.13311286833331,-104.20867537114357
35.847944416666664,127.13311204166666,-104.06397089609958
35.84794443333333,127.13311118499999,-104.78760845363529
35.84794438833333,127.133110365,-106.46294424111701
35.84794438833333,127.13310956166667,-103.74008979899394
35.847944356666666,127.13310862666667,-105.1185314526491
35.84794432,127.13310776499999,-104.49013910191061
35.84794435166667,127.13310690333334,-105.1730599810055
35.84794438166667,127.13310596000001,-104.60595680147456
35.847944354999996,127.13310513666666,-105.13215125235953
35.84794439666667,127.13310431500001,-104.45209201200261
35.847944344999995,127.13310339166668,-103.96523591763778
35.847944344999995,127.133102475,-103.6118870259549
35.847944315,127.13310157333332,-106.02862434406669
35.84794434333333,127.13310064333334,-106.89614888415163
35.84794434333333,127.13309968999998,-106.42637438659148
35.847944354999996,127.13309880999999,-106.12477886826979
35.847944373333334,127.13309786666666,-106.09952589643535
35.847944348333336,127.13309698666666,-106.42502344211806
35.84794431333333,127.13309604166668,-107.74758995968655
35.847944311666666,127.13309510166667,-107.57054439607798
35.84794432,127.13309428166667,-109.72177581269848
35.84794424333334,127.13309333833334,-116.82261101322187
35.84794423,127.13309246499999,-132.0646897488714
35.847944174999995,127.13309157500001,-134.12982450416715
35.84794410166667,127.13309064833332,-135.73624447078703
35.84794410833333,127.13308981666665,-133.85733266450123
35.84794393666667,127.13308906166667,-132.88150524899103
35.84794385166666,127.13308827166665,-131.84303689048772
35.847943826666665,127.13308750666666,-129.9867296058113
35.84794376,127.13308671833332,-129.99381688114056
35.847943728333334,127.13308602666666,-128.83744046071575
35.847943715,127.13308533333333,-128.98443800360343
35.84794371333333,127.13308465666665,-129.81335162424435
35.847943683333334,127.13308401333333,-129.46442307119847
35.84794366333333,127.13308334,-129.8584250912336
35.84794359333333,127.13308266666667,-131.47369653450588
35.84794355,127.13308196166666,-130.38631711697843
35.84794352833333,127.13308132166667,-130.05041163227563
35.84794344,127.13308063833334,-131.0144790010145
35.84794345,127.13308003499999,-131.98606795926236
35.84794339333334,127.13307943666665,-133.3355252949144
35.847943398333335,127.13307892666666,-131.69026253126498
35.847943304999994,127.133078455,-133.92166635371115
35.847943263333335,127.13307809666667,-133.1665322579755
35.84794324166667,127.13307778333335,-132.57805348556215
35.847943216666664,127.13307756166665,-132.1912712823188
35.84794323166667,127.133077395,-132.46662845790857
35.84794325,127.13307714666668,-131.83323178609913
35.84794324,127.13307713166665,-130.0067820804468
35.847943281666666,127.13307708666667,-128.81216299419071
35.84794326833333,127.13307705166666,-129.01529594102544
35.847943279999996,127.13307702833332,-126.04062173572386
35.847943289999996,127.13307705000001,-122.5394484235364
35.847943363333336,127.13307705166666,-116.54458657100452
35.84794335,127.13307712,-113.05843310447764
35.84794331166667,127.13307709500002,-110.23105241585311
35.847943295,127.13307707500002,-108.54973075773601
35.847943285,127.13307705500002,-109.22816865741844
35.84794325166667,127.13307705166666,-109.40867151849491
35.84794324833333,127.13307703833334,-107.25626620911872
35.84794324166667,127.13307707,-106.56227075883291
35.84794324666667,127.13307706833332,-102.7150951569027
35.84794325166667,127.13307708833332,-98.18172612144784
35.847943275,127.13307711833335,-94.2502422122681
35.847943220000005,127.13307716666668,-87.54705171584278
35.84794322333333,127.13307713166665,-80.55185316806198
35.847943220000005,127.13307712833333,-76.22216349563239
35.84794325666667,127.1330771,-75.06440319176795
35.847943226666665,127.13307709166665,-71.65311077442743
35.84794324666667,127.13307709333334,-64.16445051797216
35.84794324,127.13307704166667,-61.53596685352526
35.847943225,127.13307700666668,-57.07003278805845
35.847943263333335,127.13307692333335,-50.78066491922019
35.847943236666666,127.13307693333333,-43.08366407794886
35.84794324166667,127.133076965,-39.52840892446263
35.84794326,127.13307701333333,-33.88745331424061
35.847943279999996,127.13307707999999,-32.34230350136598
35.847943265000005,127.13307715833335,-29.22616755168685
35.84794333333333,127.13307718666668,-24.97542381368086
35.847943271666665,127.13307727499999,-23.875351424755753
35.84794326666667,127.13307728833334,-22.388742358352548
35.847943226666665,127.13307732,-21.519469045699424
35.84794324333333,127.133077285,-19.89245368504999
35.84794325166667,127.13307719499998,-19.897492537472903
35.84794327833333,127.13307709,-17.22283339040722
35.84794331166667,127.13307690000002,-17.53946951072799
35.84794332,127.13307678166666,-16.76908009014475
35.847943375,127.13307660333334,-13.884721006394152
35.84794342833333,127.13307641833332,-12.875600813685043
35.847943494999996,127.13307628666668,-11.707477497073521
35.847943486666665,127.13307618833332,-10.215818490851559
35.84794349333333,127.133076085,-9.812884773844718
35.84794349,127.13307602166667,-10.056114081633964
35.84794347166667,127.13307594666666,-9.060444671512062
35.84794349333333,127.13307592833334,-9.885407294985384
35.84794349166667,127.13307587833333,-8.967330504934118
35.847943451666666,127.13307578999999,-7.9374123138636
35.84794344833333,127.13307564166668,-8.285113839346161
35.84794341,127.13307542333332,-7.706966397340446
35.84794333666667,127.13307520333335,-9.732507893760285
35.84794335833333,127.133074935,-10.487809727002666
35.847943308333335,127.13307464833333,-9.423450174751189
35.84794322333333,127.13307438833333,-10.096756613099135
35.847943105,127.13307412333333,-12.12879876945796
35.84794299666667,127.133073915,-13.602066531902404
35.847942859999996,127.13307372333333,-12.02994778444123
35.84794271166666,127.133073505,-14.015992935062474
35.84794258,127.13307334666666,-14.727621414145876
35.84794246166667,127.13307316666666,-13.35521133665287
35.84794238333333,127.13307300166667,-13.312573173893648
35.847942333333336,127.13307282,-14.653000115426705
35.847942245,127.13307264666668,-14.537066232502701
35.847942235,127.13307250166666,-18.42708100127099
35.84794216333333,127.13307241166667,-14.93762214368278
35.84794204666667,127.13307232333334,-18.732616050981413
35.84794192833333,127.13307227333334,-19.61764852874056
35.84794178333333,127.13307217833332,-18.903660647211925
35.84794164833333,127.133072165,-15.667430916490243
35.84794147666666,127.13307193,-15.630036057989638
35.847941273333326,127.13307182333334,-15.670963082401734
35.847941075,127.13307173833333,-12.927838267408454
35.847940855000004,127.13307166333334,-12.950687711897091
35.84794063166667,127.13307151166667,-12.080803299046295
35.84794034666666,127.13307144833334,-11.849656591749369
35.84794008833333,127.13307140999999,-12.230296413189267
35.84793982666667,127.13307140666666,-11.551749069834175
35.84793944,127.13307138666666,-8.897280175299224
35.8479391,127.13307125666667,-7.33506495544863
35.847938903333336,127.13307123999999,-1.8496562959887612
35.847938565,127.13307127000002,-0.3869319740732724
35.847938203333335,127.13307123333334,5.869096114423074
35.84793784166666,127.13307121333334,10.66280175552443
35.84793745666666,127.133071185,14.687907839837752
35.84793704833333,127.13307113833335,20.725357078443697
35.84793672666667,127.13307120500001,24.94751848153145
35.847936405000006,127.13307124333332,33.40264959447083
35.84793606,127.13307132333333,37.90283987593249
35.84793567166666,127.133071305,42.689656011637396
35.84793517333333,127.13307126166667,49.36928231620156
35.847934775,127.13307129000002,53.05515521569988
35.847934325,127.13307133166667,58.45444098453752
35.84793388833334,127.13307136833333,64.28032155643959
35.84793351166666,127.13307133833332,70.86715045348018
35.84793306833333,127.13307134833333,77.19004414737317
35.847932675,127.13307134166668,80.03924411404213
35.84793229666666,127.13307137333335,81.00920448511476
35.84793192166667,127.13307139666668,85.55602150271208
35.847931521666666,127.13307139666668,71.50382817561523
35.847931095,127.13307144166666,68.72079163726022
35.847930649999995,127.13307146000001,68.63259444368715
35.847930170000005,127.13307149833332,68.71053130422438
35.84792972,127.13307149833332,67.48496691452681
35.847929218333334,127.13307148833334,68.8531048473997
35.84792871,127.13307151,74.62543456106907
35.84792817666666,127.13307146999999,70.13415786499996
35.847927610000006,127.13307151833332,64.59737784909642
35.847927096666666,127.13307144999999,67.95872701464991
35.84791096,127.13307617333334,64.23494618511866
35.84791098666667,127.13307606333335,63.35937037930507
35.84791099833333,127.13307588333333,63.09903280534636
35.847911055000004,127.13307562833333,61.29714671386339
35.847911133333334,127.13307531666666,61.00323199820782
35.84791119666667,127.13307514000002,57.4966564810638
35.8479112,127.13307498333333,61.814808456743364
35.8479112,127.13307489166667,61.14496459021276
35.847911243333336,127.13307482166668,60.05970424814094
35.84791128833333,127.13307480999998,56.370876823707746
35.847911266666664,127.13307478166668,59.37015409641866
35.847911270000004,127.13307485666668,60.324264614788845
35.84791121833334,127.13307493666667,65.63785994488879
35.84791121333333,127.13307501333333,70.26270754691687
35.84791118,127.13307515833334,70.74549191131021
35.847911153333335,127.13307536666667,75.06968412338136
35.84791108833333,127.13307562833333,80.81899403132698
35.84791098666667,127.13307596000001,82.6439277931265
35.847910855,127.13307629333333,85.71293699872751
35.84791076333333,127.13307658166666,85.93160997902334
35.847910685,127.13307684666667,85.47550038216754
35.84791060333334,127.13307710666668,85.6387325430554
35.847910518333336,127.13307740500001,86.2573045329343
35.847910481666666,127.13307770666667,99.38907064460592
35.84791041333334,127.13307794166667,104.75033444531111
35.84791035,127.13307815166667,109.51305642866882
35.847910279999994,127.13307832999999,111.66486814316927
35.84791032166667,127.133078495,105.40927745924196
35.84791028166667,127.13307864166667,105.92016831946725
35.84791033,127.13307865666665,105.74138349198975
35.84791032333333,127.13307873666666,104.2319654550804
35.847910285,127.13307871833334,106.69902096398765
35.847910311666666,127.13307872499999,105.7550574351746
35.847910279999994,127.13307872166666,103.92246289658164
35.84791026833333,127.13307865,105.42566685551338
35.847910305,127.13307855500001,103.28314089449051
35.847910315,127.13307844,105.15912438477643
35.84791033333333,127.13307834833334,105.10146455012617
35.84791035166666,127.13307826500001,104.7739230285666
35.84791035666667,127.13307818,105.30663181671379
35.847910348333336,127.13307815166667,105.89860233574538
35.84791035833334,127.13307810166667,111.25052446000696
35.84791035666667,127.13307808166668,107.99517329881598
35.84791036,127.13307811833334,109.04615347184357
35.84791036166666,127.133078145,110.5562613275007
35.847910346666666,127.133078175,112.60690347518636
35.847910346666666,127.133078175,114.45020127620162
35.84791035333333,127.13307819166667,114.55163683114691
35.84791033666667,127.13307820333333,119.95916796224498
35.84791034,127.13307822666665,121.15507434376858
35.84791033,127.13307821666668,116.85949481370058
35.84791032333333,127.133078195,111.16627995913706
35.847910293333335,127.13307817833332,110.45574108099859
35.847910338333335,127.13307817833332,110.34446332822188
35.84791033,127.13307818666665,110.8043950348884
35.847910344999995,127.13307820333333,110.1705675638268
35.84791032,127.13307820666665,110.2463816620788
35.847910328333334,127.13307820166668,111.89223699237233
35.84791030833333,127.133078205,111.34058549132811
35.84791030833333,127.133078185,109.56071024876523
35.847910305,127.13307819000002,112.7578037731858
35.847910318333334,127.133078195,112.6752618351388
35.847910293333335,127.13307819666667,112.73397479003322
35.847910335,127.13307815000002,112.8589960687779
35.847910315,127.13307816166667,114.39558528783677
35.847910338333335,127.13307817166667,113.06172140289567
35.84791031666667,127.13307818,114.06653452314386
35.84791031666667,127.13307817833332,114.07666734731569
35.847910289999994,127.13307813333334,116.32019560895117
35.847910285,127.13307812833334,117.71914453965971
35.84791030666667,127.13307812,117.79436320576059
35.84791031666667,127.13307814,118.7714851815477
35.847910311666666,127.13307818166668,118.75455547771955
35.847910266666666,127.13307812500001,116.91616259181906
35.84791029833333,127.13307814333332,117.4089053763741
35.847910295,127.13307813333334,116.85997727406522
35.847910265,127.13307830999999,117.08720922477586
35.847910193333334,127.13307842499998,115.94903851853186
35.84791019,127.13307867166668,116.65929207310202
35.847910165,127.13307901499999,117.11437917672556
35.84791008166667,127.13307945166667,118.87618896754283
35.847910113333334,127.13307986333332,120.17031025362301
35.847910094999996,127.13308041,121.76300302664481
35.84791009166667,127.13308096333334,119.03174429186164
35.84791012166667,127.13308153833334,119.85663447816103
35.84791005333333,127.13308219000001,118.59319887650021
35.84790998166667,127.13308285,116.4703405327963
35.847909881666666,127.13308354333334,116.15764715333304
35.84790984000001,127.133084185,115.18300136627651
35.847909791666666,127.13308485333333,116.49100357688155
35.84790981833333,127.13308550833332,114.16465040132414
35.84790990333333,127.13308614166665,114.07257801892901
35.84790989166667,127.13308680166668,114.68801249097392
35.84790993,127.13308735999999,114.73835895350959
35.847909951666665,127.13308793333333,115.54628295269187
35.84790998333334,127.13308862000001,113.76904221024914
35.847909980000004,127.13308927499999,115.32854295026362
35.84791,127.13308995833334,114.87397275276695
35.847910074999994,127.13309066666667,116.30824302552158
35.84791003333333,127.13309128499999,116.74664084416764
35.847909996666665,127.13309200999998,116.12251982481594
35.84791006333333,127.13309264833333,115.81330482402511
35.84790999833333,127.13309343499999,117.16759180133027
35.847909995,127.13309410666668,115.62263547268559
35.847910086666666,127.13309485333333,116.4224402714052
35.84791012,127.13309546833334,118.6457105092144
35.847910165,127.13309611499999,117.17775386281576
35.847910245,127.13309675,117.5435966928527
35.84791026333333,127.13309738499999,118.68387471879815
35.84791031333334,127.13309797833332,119.56798097249963
35.84791043,127.133098585,118.41684788028536
35.847910383333335,127.13309919,118.2834359276424
35.847910301666666,127.13309978833334,118.39149845989341
35.84791027166667,127.13310033333333,118.91804864725773
35.84791027333333,127.13310082499999,118.50517932952218
35.847910265,127.13310135666667,117.3434654472659
35.847910246666665,127.13310185666666,117.65708523607807
35.847910148333334,127.13310246833335,117.93640862698024
35.84791016333334,127.13310291,115.88848248152094
35.84791009166667,127.13310347833334,117.48565809511314
35.84791005666667,127.133104005,119.12221747957479
35.84791006666667,127.13310448833333,117.31268645148052
35.84791005833333,127.13310498833334,117.49188298736496
35.847910084999995,127.13310539500002,117.35838542680632
35.847910078333335,127.13310586499999,117.13741729006738
35.84791012,127.13310621500001,116.09397980455056
35.8479101,127.13310664333333,117.00300039997069
35.84791008333333,127.13310705999999,118.46386991582054
35.84791009166667,127.133107535,118.18236426213417
35.847910096666666,127.13310798333332,118.47997595072462
35.84791007666667,127.13310849833333,118.42681351415568
35.84791006333333,127.13310896833333,120.28887438138916
35.847909978333334,127.13310950666667,118.34572358121609
35.84791001666667,127.13311002333333,120.33140565017214
35.847909980000004,127.13311057000001,119.21593066379467
35.84791000333333,127.13311115333333,118.43927328021034
35.84791004,127.13311169833332,118.9790597406478
35.84791009,127.13311224666668,117.89501793388705
35.847910115,127.13311291166669,119.1212265093451
35.84791011833333,127.13311351166666,116.61293894124749
35.84791003833333,127.13311404166667,116.5558313264091
35.847910031666665,127.13311464166667,118.122155935618
35.84790999833333,127.13311521333331,117.86199472089973
35.84791003833333,127.13311579333335,116.81439673078798
35.84791006666667,127.13311641166668,115.83054952295532
35.84791010166667,127.133116995,117.06365604541944
35.84791010166667,127.13311756833333,118.54201684956153
35.84791013833333,127.13311824666668,117.39785424407638
35.84791011,127.13311876333334,117.60636133464313
35.847910129999995,127.13311936666666,117.54749854589691
35.84791022666666,127.13311993500001,118.48328373516175
35.84791026333333,127.13312052833335,118.09270660281386
35.84791024166667,127.13312104666666,120.06693006385993
35.847910246666665,127.13312165833334,120.27226192515538
35.847910250000005,127.13312224333335,121.18867293641462
35.847910265,127.13312282,119.3219185984508
35.847910260000006,127.13312350666665,119.84700815504779
35.84791028166667,127.13312410166667,118.95839017046073
35.847910305,127.13312472833334,119.47131039184707
35.84791028666667,127.13312534666666,118.21766273734808
35.84791038666666,127.13312593333333,117.60338809150468
35.847910415,127.13312650166667,120.14534567275105
35.847910543333334,127.13312708,119.05044255472033
35.847910585,127.13312763500001,119.25662071181853
35.847910585,127.13312823833333,120.48245996507885
35.847910565,127.133128875,119.70766410622466
35.84791055,127.13312941833334,119.67488575733563
35.84791062833334,127.13313003500001,119.99355907498122
35.84791067166667,127.13313063,121.78698975953118
35.847910719999994,127.13313117499999,123.3276378838812
35.84791070166667,127.13313175666666,119.91264843810575
35.84791071833333,127.13313226666666,118.28530486820215
35.84791078666667,127.13313277833335,120.1340330879061
35.847910838333334,127.13313330166666,116.95782333487504
35.84791081666666,127.13313386666665,120.16474498992305
35.8479108,127.13313440666667,119.97354163827993
35.847910795,127.13313496,118.60555661205298
35.84791078833334,127.13313555833332,118.8087657291688
35.847910835,127.13313611999999,118.36289845106148
35.84791081666666,127.13313680499999,118.006775627287
35.847910866666666,127.13313737166666,120.14814953463606
35.84791084833333,127.13313797,119.90415021388158
35.847910813333336,127.13313862499999,120.21492039848023
35.84791089666667,127.13313926833334,116.36409262572288
35.84791087666667,127.133139885,117.89530244499379
35.84791090833333,127.13314047,120.01724599959795
35.84791098833333,127.13314114,119.51745690021586
35.847911028333336,127.13314167499999,119.50549807607788
35.84791106333333,127.13314233000001,119.55933631168821
35.84791108833333,127.13314290333334,120.06373410428371
35.84791108333333,127.13314349333332,121.90860397885211
35.84791111166667,127.13314414333333,121.48491819165588
35.84791112833333,127.13314470666667,122.74546194982089
35.84791112333333,127.133145215,123.49231727432544
35.847911335000006,127.13314579333334,123.29914834363095
35.84791138166667,127.13314637666666,122.25112524740669
35.847911445,127.13314688166665,122.9145436756139
35.84791151333333,127.13314745999999,123.81035488721683
35.84791148833333,127.13314801166668,121.92754237903804
35.84791148666667,127.13314859333335,120.77428276675934
35.847911475000004,127.13314918833333,121.49607679311212
35.847911458333336,127.13314977333333,121.10994647319373
35.84791145166666,127.13315035833332,123.3869883084914
35.847911511666666,127.13315100666665,120.84479860592475
35.84791150666667,127.13315167333333,121.40185769638819
35.847911589999995,127.13315231,122.73744413500708
35.847911671666665,127.13315302000001,121.57046807904894
35.84791167666666,127.13315370166666,118.98709184693381
35.847911706666665,127.1331545,119.61185790957936
35.847911806666666,127.13315512833333,117.60491853607292
35.84791184166667,127.13315583333333,116.98664582431562
35.84791182666667,127.13315655166667,116.3783998534854
35.847911875,127.13315717833332,115.89505770676473
35.84791193,127.13315785166667,119.09620522899839
35.84791191666667,127.13315853,120.73597458329127
35.84791190333333,127.13315917,120.55345767630659
35.84791188333334,127.13315983166667,121.1665205550762
35.8479119,127.13316050166668,119.48636252944186
35.847911999999994,127.133161165,117.89014877756911
35.847912045,127.13316183500001,119.26048503589085
35.84791206166666,127.13316254000001,119.75131900389965
35.84791204333333,127.13316322,119.3628457073419
35.847912081666664,127.13316385666667,121.29241188376012
35.84791211666666,127.13316451333334,122.27351365860011
35.84791219666667,127.133165185,121.8242924322353
35.84791225166667,127.13316575333334,120.1378583935338
35.847912275,127.133166425,119.77202353854665
35.84791226166667,127.13316707500002,117.9284547310516
35.847912275,127.13316771833334,120.0474817851369
35.84791227833333,127.13316841166667,117.19133306329309
35.84791232,127.13316914833334,118.75115015841028
35.84791234666667,127.13316981999999,119.16859585159973
35.847912298333334,127.13317059499998,118.98391013279317
35.84791236333333,127.133171235,117.83530501561121
35.847912423333334,127.13317190833335,119.18455324054493
35.847912406666666,127.13317257833333,119.87263165410788
35.84791247,127.13317320666665,117.5191766983214
35.847912558333334,127.133173785,117.85530552507144
35.847912496666666,127.13317446499998,116.90517311552195
35.84791254666666,127.13317507333335,118.67053775989775
35.84791256833333,127.13317565666667,116.33360760145032
35.84791262333333,127.13317626499999,117.42112039765104
35.84791264666667,127.13317687499999,116.34014824781117
35.847912685,127.13317745166665,115.60776375524522
35.847912745,127.13317807166668,117.36340142743155
35.84791279333333,127.13317871833333,116.3903866637554
35.847912728333334,127.133179335,117.04011549526851
35.847912725,127.13317996333332,116.84775420668069
35.84791278833333,127.13318053166668,117.78718588078537
35.847912805,127.13318117833333,118.82120848173906
35.84791285833333,127.13318177166666,122.29413445928928
35.847912986666664,127.13318238166667,117.53627958561745
35.84791298833333,127.13318293666667,116.33520593572678
35.847913059999996,127.13318360500001,119.77177259494488
35.84791310666667,127.13318423166666,118.22252247029607
35.84791469333334,127.13322116666669,119.01066581563644
35.847914753333335,127.13322188166667,118.99795238100864
35.847914794999994,127.13322262499999,119.03726348380201
35.84791481333333,127.13322338666667,120.92955515917774
35.84791488,127.13322416666666,117.99519469856264
35.84791485666666,127.13322492666666,117.64093729398472
35.84791477,127.13322568333334,116.89704927405468
35.847914816666666,127.13322644833333,117.82608090222521
35.84791490333334,127.13322719000001,117.18326715367876
35.847914931666665,127.13322786666667,115.06597083348073
35.847914975,127.13322858333335,114.53481396624123
35.84791498166667,127.13322928166666,113.7536473847099
35.84791501833333,127.13322988166668,113.97143496032784
35.84791506333333,127.13323059000001,113.77026550845305
35.84791507166666,127.133231305,114.18940375127073
35.847915066666665,127.13323201666665,113.29132950498837
35.847915125,127.13323277833334,114.12285286694495
35.84791516333333,127.133233575,113.42855836044602
35.84791510666666,127.13323437333332,117.17662690650816
35.84791515333333,127.13323511833332,118.8470126351754
35.847915201666666,127.13323583000002,119.94468864350092
35.84791524166667,127.13323654,117.60947694964682
35.84791524833334,127.13323728666667,119.16203046932833
35.847915273333335,127.13323797333332,118.51206279983825
35.84791533166666,127.13323869833333,118.12894975483738
35.84791537,127.13323933333335,116.13873578764444
35.84791533333334,127.13324014666665,113.71547860533573
35.84791529666666,127.13324084,115.21159712624852
35.84791527666666,127.13324157166666,112.67634819721113
35.847915335,127.13324227333332,117.9110623748832
35.847915415,127.13324302499998,112.63507148803502
35.84791542666667,127.13324376666667,112.78661669241679
35.847915439999994,127.13324454833334,113.25696259865131
35.847915455,127.13324533166666,112.56737567955473
35.84791551666667,127.13324608666666,114.70258452581734
35.84791553666666,127.13324692333332,116.41799324370953
35.847915631666666,127.13324765,118.12623303945078
35.847915695,127.13324846833332,118.00098237850733
35.847915738333334,127.13324914833332,118.4934647235268
35.84791573166667,127.13324995666666,119.452241028461
35.84791576833334,127.133250715,121.79852900822702
35.847915830000005,127.13325140500001,120.65054466810433
35.847915918333335,127.13325210166667,120.04129133808716
35.84791592,127.13325282,120.19088874898175
35.84791603,127.133253455,119.78988159784336
35.847916016666666,127.13325417166668,118.28943184239986
35.847915996666664,127.13325492,119.25154122071365
35.84791588666667,127.13325565166666,119.20254604040936
35.84791596666666,127.13325627166665,117.68826853122884
35.84791599166667,127.13325695166668,118.60678991715007
35.847916078333334,127.133257595,118.4468584846918
35.847916031666664,127.13325823333335,117.0412330465787
35.84791606333333,127.13325889666666,112.25879789358403
35.847916195,127.133259545,112.79121819268622
35.84791626333333,127.13326020999999,115.14252845171292
35.847916303333335,127.13326095,110.95637333646452
35.847916425,127.13326169166666,109.73145374113267
35.847916435,127.13326237833334,110.27983863192945
35.847916475000005,127.13326301500001,109.24718634880772
35.847916461666664,127.13326370333334,110.66207464243034
35.84791641833333,127.13326435333332,112.61685228644804
35.84791641833333,127.133265055,111.29481545105418
35.84791643333333,127.13326573333333,107.39959148964375
35.847916430000005,127.13326641999998,108.48678971381814
35.84791652333333,127.13326704499998,108.03283126045261
35.8479165,127.13326775333334,110.01026254934219
35.84791650666667,127.13326843166666,110.86804970444335
35.847916473333335,127.13326907666666,111.6565866861489
35.847916489999996,127.13326978666667,108.95506293089998
35.847916563333335,127.13327049166668,106.31541343157686
35.84791672166667,127.13327128333334,106.85483808239101
35.84791677333333,127.13327206166666,107.26494515466464
35.847916733333335,127.13327273000002,110.94853965040187
35.84791671833333,127.13327346333332,110.1600941995796
35.847916704999996,127.13327419833334,111.88176839483613
35.84791667333333,127.13327488833332,109.69206702865428
35.84791682666666,127.13327570333334,109.29312194671125
35.847916901666665,127.133276375,111.2674345905822
35.84791698,127.13327719333331,108.77512459617277
35.847917003333336,127.13327795333335,110.75041056658394
35.84791696,127.13327872333333,109.25940415840829
35.84791691333333,127.13327950333333,108.29596636017463
35.847916739999995,127.1332803,108.0153009640629
35.84791666,127.13328109333334,108.11361363231866
35.847916545,127.13328194166667,108.09448679469381
35.84791653166667,127.13328269833333,108.28929004638842
35.84791649833333,127.13328348499999,115.63170368919101
35.84791648666667,127.13328423166668,115.67140682036792
35.84791648333333,127.13328500000001,116.53173284404731
35.847916938333334,127.13328570833333,116.26820955629202
35.84791714,127.13328641666666,120.1556901708865
35.847917205,127.13328715499999,112.97637043365226
35.847917218333336,127.133287845,117.77402502732701
35.84791722666667,127.13328856833331,112.7991071141802
35.84791719666667,127.13328928000001,113.52120584720988
35.847917290000005,127.13328999,117.35259106091601
35.84791743666666,127.133290685,114.48657729007618
35.84791748666667,127.13329140333332,110.70782351028203
35.84791747333334,127.13329210333335,106.52694148394134
35.84791744166667,127.13329281166668,108.51252357462273
35.847917413333334,127.13329348666666,108.81650751634758
35.84791738666667,127.1332941,112.84812664849537
35.84791740666667,127.13329475333333,110.37379120363319
35.847917445,127.13329540166666,106.9633794357359
35.847917505000005,127.13329606999999,102.73955571693584
35.84791761333334,127.13329668,107.12809313118909
35.84791764333333,127.13329735166666,108.7628373948492
35.84791765166666,127.13329803666666,104.90001912107395
35.847917628333335,127.13329871166667,104.47910411314005
35.847917665,127.13329937499999,103.43705049887464
35.84791766,127.13330003333334,109.08984905541864
35.84791776666667,127.13330073833335,109.17331836225506
35.84791771166667,127.13330144333334,113.45463453656991
35.84791765166666,127.13330216333334,107.11621890911684
35.84791765166666,127.13330284333333,101.92872918668363
35.8479177,127.13330350333332,102.37792088651385
35.8479177,127.13330416,106.30167046378898
35.84791786,127.13330485,106.24804925615632
35.84791801666667,127.13330552833334,106.67919349622566
35.84791803166667,127.13330626666666,107.84396914719599
35.84791810833334,127.13330702833333,103.97856160637875
35.84791809,127.13330774333332,105.40152274800427
35.84791822,127.13330843833334,107.50151025304787
35.84791817833333,127.13330916833333,104.76765942217783
35.84791817833333,127.13330981166668,108.98998996637347
35.84791820333333,127.13331049166666,107.74530819485436
35.847918185000005,127.13331113999999,105.61351030011174
35.847918195000005,127.13331179000001,108.68700406457772
35.84791815166667,127.13331247833334,108.88861917813854
35.8479181,127.13331321833333,104.4963450674409
35.84791815166667,127.13331393333334,104.43668318031678
35.847918465,127.13331461833334,103.43090350476353
35.84791865,127.13331599666665,94.78793639712062
35.84791863,127.13331670666666,96.45346555358756
35.84791870833333,127.13331738666666,92.00439087327987
35.84791869166667,127.13331805333334,92.85034161055466
35.84791869833334,127.13331876833333,94.31697914638154
35.84791869,127.13331945833333,96.98781053056835
35.84791878333333,127.13332015833333,98.31971737784376
35.847918835,127.13332080999999,97.31206671931267
35.84791885833333,127.13332156833333,98.69749014262122
35.847918811666666,127.13332228333333,94.5847519755787
35.847918820000004,127.133323085,97.66093758393497
35.847918755,127.13332382333334,94.88995636866427
35.847918735,127.13332459166668,98.89692198425841
35.84791875166666,127.13332534999999,102.19445852538351
35.847918721666666,127.13332604166665,96.70031496180616
35.84791873333334,127.133326725,102.5985883063554
35.847918746666664,127.13332738666668,98.32456216211301
35.847918765,127.13332806166666,100.8100810216834
35.84791892,127.13332866833335,103.18089931641892
35.847918973333336,127.13332997166665,105.75721313132212
35.84791898666666,127.13333069833334,103.77588982850776
35.847919006666665,127.13333133500001,103.56453532794906
35.84791903166667,127.13333204999999,105.59743229760649
35.847919035000004,127.13333268333332,104.74935992159465
35.847919094999995,127.13333335333333,102.22601716415797
35.847919143333336,127.13333399166667,99.60281821490415
35.847919195,127.13333460666666,102.96562836093345
35.84791924666667,127.13333521000001,99.9942857523274
35.847919268333335,127.13333585333334,102.19816974944465
35.84791928833333,127.13333647500001,101.5694015557034
35.84791930833333,127.13333716833334,101.62097586744648
35.84791926333333,127.13333784666665,108.92934674395434
35.84791934,127.13333857833335,118.03477167178814
35.847919375,127.13333926333334,111.50638406172862
35.847919323333336,127.13333998000002,114.97565438273357
35.84791934166667,127.1333407,114.67447068036597
35.847919358333336,127.13334139499999,117.56264949657225
35.847919338333334,127.13334208166667,121.89085025083486
35.847919323333336,127.13334273999999,124.77244092206955
35.84791936166666,127.13334345166668,128.59253212769502
35.847919401666665,127.13334423833334,135.0787394839398
35.84791942833333,127.13334499,137.431381517618
35.847919553333334,127.13334575833332,140.6094297038611
35.84791958,127.13334650999998,145.79401071459998
35.847919596666664,127.13334727166666,147.00071787735905
35.847919615,127.133348005,148.7809259623929
35.84791961333334,127.13334882166667,152.2141122465006
35.84791957666666,127.13334955999998,153.80416415144003
35.84791962833334,127.13335035999998,157.7879330893069
35.847919675,127.13335115166667,160.91904570148856
35.847919729999994,127.13335197166667,162.04705192765746
35.84791980166666,127.13335277166668,164.81207971613958
35.8479198,127.13335358,166.92427805520336
35.84791981666667,127.133354355,167.58845194627295
35.84791988166667,127.13335512333333,170.0710648540451
35.84791988166667,127.13335586500001,170.37463084048207
35.847919866666665,127.13335660833333,171.65108589846483
35.84791987333333,127.13335735666666,173.8883435076213
35.84791986166667,127.133358055,175.68558505358268
35.84791992833333,127.13335874499998,175.20636651519547
35.84791997,127.13335936999998,177.16578954350123
35.847919993333335,127.13336003499998,177.27882389949883
35.847920005,127.13336063333333,177.83425280012256
35.84792003333334,127.13336128333334,179.1831963936118
35.84792005833334,127.13336189666667,179.74164156934037
35.84792004333334,127.13336245166666,-179.45853934231758
35.84792005166666,127.13336307666665,-178.2595362385211
35.847920065000004,127.13336363833332,-177.7290732064048
35.8479201,127.13336418166666,-177.8016103730664
35.847920108333334,127.13336470499999,-177.343568344117
35.847920136666666,127.13336516,-176.6024995254081
35.847920173333335,127.13336562166666,-177.4056377779021
35.847920235,127.13336611499999,-177.5297129819494
35.847920295,127.13336653333333,-177.25007267567452
35.84792032,127.13336698166668,-177.05605480310683
35.847920368333334,127.13336736166666,-176.23430441646383
35.84792041166667,127.13336768333332,-176.4488625017373
35.847920476666665,127.13336802333333,-176.67625016061578
35.84792054166667,127.13336835333332,-176.52899777395376
35.847920593333335,127.13336863833335,-176.0513827484201
35.847920648333336,127.13336894999999,-175.96599215385172
35.847920736666666,127.13336925166668,-175.60363529915287
35.84792082,127.13336955333334,-175.72843165246843
35.847920915,127.133369855,-176.289050389346
35.847921,127.13337018666668,-175.92718705106913
35.847921113333335,127.13337055166667,-175.94927218670895
35.847921209999996,127.13337089166667,-176.61945439094248
35.847921375000006,127.13337125166666,-175.47402017845954
35.84792164666667,127.13337166333334,-175.39240425651596
35.84792190833333,127.13337198666667,-176.24078061218546
35.84792221,127.13337233833333,-175.90795034158714
35.84792246833333,127.13337268166667,-176.74891137791883
35.847922735,127.1333729,-176.46201891829685
35.847923015,127.13337329833332,-176.4385444878812
35.847923535,127.13337380333333,-176.0112695110882
35.847924004999996,127.13337416,-175.93200327811005
35.84792439666667,127.13337441333333,-175.08741643410968
35.84792474166667,127.13337462333332,-174.06899360626485
35.84792513166666,127.13337482666665,-173.50440152825658
35.84792547666667,127.13337496833334,-174.86083887718405
35.847925876666665,127.13337515666666,-175.18333008588337
35.84792624666667,127.13337529333333,-176.34357372528558
35.84792661666667,127.13337542666667,-175.80248394207624
35.847927,127.133375545,-176.8650617232014
35.84792734333334,127.13337566666665,-176.615056049448
35.847927715,127.13337566333333,-176.29026628310413
35.847928065,127.13337579833333,-175.31225600576943
35.84792837,127.13337585166667,-176.26213037764185
35.84792865833333,127.13337591666665,-176.17870698160257
35.847929015,127.13337598833331,-175.36651770791485
35.847929343333334,127.13337596666666,-175.51090857738527
35.84792973166667,127.13337596166666,-175.4711938226864
35.84793018833333,127.13337598333334,-177.4967457119574
35.847930561666665,127.13337597333333,-173.5705365600143
35.84793097666667,127.13337593833333,-173.3804067377346
35.84793142,127.13337589833333,-173.41470141879748
35.84793188333333,127.13337592666667,-173.35696793530246
35.847932495,127.13337592499998,-173.1368962368506
35.84793293166667,127.13337584833334,-173.367888913168
35.847933475,127.13337587,-173.98773303968622
35.847933955,127.13337581166667,-173.57102236134583
35.847934480000006,127.13337584666667,-172.74938505786469
35.84793495666667,127.13337584333334,-173.36087090383273
35.847935426666666,127.13337581166667,-173.8202282226808
35.847935965000005,127.13337572833333,-173.5570857401346
35.847936395000005,127.13337571833333,-173.69282089268268
35.847936945,127.13337568666665,-173.71767412631817
35.84793745166667,127.13337568833335,-173.58192891432105
35.84793798333333,127.13337562166667,-173.59605351949259
35.84793846666666,127.13337554666666,-173.01242251973915
35.847939034999996,127.13337552666665,-173.4524677292255
35.847939605,127.13337552666665,-173.94130429856537
35.84794019833334,127.13337552833333,-174.19237961760317
35.84795332833333,127.13337535833334,-173.44022596646965
35.84795329666667,127.13337537833334,-173.77332672480296
35.84795338333333,127.133375265,-173.5080387533212
35.84795333833333,127.13337523666665,-172.954931797638
35.84795336,127.13337524166667,-172.89475445426734
35.84795342666666,127.13337522666667,-172.79056842978585
35.847953435,127.133375205,-172.0963444617706
